11 11
0 0 0 0 0 0 0 0 0 0 0 
0 0.035871 0.0682306 0.0939114 0.110399 0.116081 0.110399 0.0939114 0.0682306 0.035871 0 
0 0.0682306 0.129782 0.17863 0.209992 0.220799 0.209992 0.17863 0.129782 0.0682306 0 
0 0.0939114 0.17863 0.245863 0.28903 0.303904 0.28903 0.245863 0.17863 0.0939114 0 
0 0.110399 0.209992 0.28903 0.339775 0.35726 0.339775 0.28903 0.209992 0.110399 0 
0 0.116081 0.220799 0.303904 0.35726 0.375646 0.35726 0.303904 0.220799 0.116081 0 
0 0.110399 0.209992 0.28903 0.339775 0.35726 0.339775 0.28903 0.209992 0.110399 0 
0 0.0939114 0.17863 0.245863 0.28903 0.303904 0.28903 0.245863 0.17863 0.0939114 0 
0 0.0682306 0.129782 0.17863 0.209992 0.220799 0.209992 0.17863 0.129782 0.0682306 0 
0 0.035871 0.0682306 0.0939114 0.110399 0.116081 0.110399 0.0939114 0.0682306 0.035871 0 
0 0 0 0 0 0 0 0 0 0 0 
