11 11
0 0 0 0 0 0 0 0 0 0 0 
0 6.79524e-05 0.000129253 0.000177902 0.000209136 0.000219899 0.000209136 0.000177902 0.000129253 6.79524e-05 0 
0 0.000129253 0.000245854 0.000338389 0.0003978 0.000418272 0.0003978 0.000338389 0.000245854 0.000129253 0 
0 0.000177902 0.000338389 0.000465753 0.000547525 0.000575702 0.000547525 0.000465753 0.000338389 0.000177902 0 
0 0.000209136 0.0003978 0.000547525 0.000643654 0.000676778 0.000643654 0.000547525 0.0003978 0.000209136 0 
0 0.000219899 0.000418272 0.000575702 0.000676778 0.000711607 0.000676778 0.000575702 0.000418272 0.000219899 0 
0 0.000209136 0.0003978 0.000547525 0.000643654 0.000676778 0.000643654 0.000547525 0.0003978 0.000209136 0 
0 0.000177902 0.000338389 0.000465753 0.000547525 0.000575702 0.000547525 0.000465753 0.000338389 0.000177902 0 
0 0.000129253 0.000245854 0.000338389 0.0003978 0.000418272 0.0003978 0.000338389 0.000245854 0.000129253 0 
0 6.79524e-05 0.000129253 0.000177902 0.000209136 0.000219899 0.000209136 0.000177902 0.000129253 6.79524e-05 0 
0 0 0 0 0 0 0 0 0 0 0 
