11 11
0 0 0 0 0 0 0 0 0 0 0 
0 0.000280525 0.000533591 0.000734425 0.000863368 0.000907799 0.000863368 0.000734425 0.000533591 0.000280525 0 
0 0.000533591 0.00101495 0.00139696 0.00164222 0.00172674 0.00164222 0.00139696 0.00101495 0.000533591 0 
0 0.000734425 0.00139696 0.00192275 0.00226033 0.00237665 0.00226033 0.00192275 0.00139696 0.000734425 0 
0 0.000863368 0.00164222 0.00226033 0.00265717 0.00279392 0.00265717 0.00226033 0.00164222 0.000863368 0 
0 0.000907799 0.00172674 0.00237665 0.00279392 0.0029377 0.00279392 0.00237665 0.00172674 0.000907799 0 
0 0.000863368 0.00164222 0.00226033 0.00265717 0.00279392 0.00265717 0.00226033 0.00164222 0.000863368 0 
0 0.000734425 0.00139696 0.00192275 0.00226033 0.00237665 0.00226033 0.00192275 0.00139696 0.000734425 0 
0 0.000533591 0.00101495 0.00139696 0.00164222 0.00172674 0.00164222 0.00139696 0.00101495 0.000533591 0 
0 0.000280525 0.000533591 0.000734425 0.000863368 0.000907799 0.000863368 0.000734425 0.000533591 0.000280525 0 
0 3.78437e-17 7.19829e-17 9.9076e-17 1.16471e-16 1.22465e-16 1.16471e-16 9.9076e-17 7.19829e-17 3.78437e-17 0 
