101 101
0 0 0 0 0 0 0 0 0 0 0 0 0 0 0 0 0 0 0 0 0 0 0 0 0 0 0 0 0 0 0 0 0 0 0 0 0 0 0 0 0 0 0 0 0 0 0 0 0 0 0 0 0 0 0 0 0 0 0 0 0 0 0 0 0 0 0 0 0 0 0 0 0 0 0 0 0 0 0 0 0 0 0 0 0 0 0 0 0 0 0 0 0 0 0 0 0 0 0 0 0 
0 0.000893917 0.00178695 0.00267822 0.00356685 0.00445196 0.00533267 0.00620813 0.00707745 0.00793979 0.0087943 0.00964012 0.0104764 0.0113024 0.0121172 0.0129201 0.0137102 0.0144868 0.0152491 0.0159963 0.0167277 0.0174427 0.0181404 0.0188202 0.0194815 0.0201235 0.0207457 0.0213474 0.021928 0.022487 0.0230238 0.0235378 0.0240287 0.0244958 0.0249388 0.0253571 0.0257504 0.0261183 0.0264605 0.0267765 0.0270661 0.0273289 0.0275649 0.0277736 0.0279549 0.0281086 0.0282345 0.0283326 0.0284028 0.0284449 0.0284589 0.0284449 0.0284028 0.0283326 0.0282345 0.0281086 0.0279549 0.0277736 0.0275649 0.0273289 0.0270661 0.0267765 0.0264605 0.0261183 0.0257504 0.0253571 0.0249388 0.0244958 0.0240287 0.0235378 0.0230238 0.022487 0.021928 0.0213474 0.0207457 0.0201235 0.0194815 0.0188202 0.0181404 0.0174427 0.0167277 0.0159963 0.0152491 0.0144868 0.0137102 0.0129201 0.0121172 0.0113024 0.0104764 0.00964012 0.0087943 0.00793979 0.00707745 0.00620813 0.00533267 0.00445196 0.00356685 0.00267822 0.00178695 0.000893917 0 
0 0.00178695 0.00357214 0.0053538 0.00713018 0.00889953 0.0106601 0.0124101 0.0141479 0.0158717 0.0175799 0.0192707 0.0209425 0.0225937 0.0242225 0.0258274 0.0274069 0.0289593 0.0304831 0.0319768 0.033439 0.0348682 0.0362629 0.0376219 0.0389438 0.0402272 0.0414709 0.0426737 0.0438343 0.0449518 0.0460248 0.0470525 0.0480337 0.0489674 0.0498529 0.0506892 0.0514754 0.0522109 0.0528948 0.0535265 0.0541054 0.0546309 0.0551025 0.0555197 0.0558821 0.0561894 0.0564412 0.0566373 0.0567775 0.0568617 0.0568898 0.0568617 0.0567775 0.0566373 0.0564412 0.0561894 0.0558821 0.0555197 0.0551025 0.0546309 0.0541054 0.0535265 0.0528948 0.0522109 0.0514754 0.0506892 0.0498529 0.0489674 0.0480337 0.0470525 0.0460248 0.0449518 0.0438343 0.0426737 0.0414709 0.0402272 0.0389438 0.0376219 0.0362629 0.0348682 0.033439 0.0319768 0.0304831 0.0289593 0.0274069 0.0258274 0.0242225 0.0225937 0.0209425 0.0192707 0.0175799 0.0158717 0.0141479 0.0124101 0.0106601 0.00889953 0.00713018 0.0053538 0.00357214 0.00178695 0 
0 0.00267822 0.0053538 0.0080241 0.0106865 0.0133383 0.015977 0.0185999 0.0212044 0.023788 0.0263482 0.0288823 0.031388 0.0338626 0.0363039 0.0387093 0.0410765 0.0434032 0.045687 0.0479258 0.0501172 0.0522592 0.0543497 0.0563864 0.0583676 0.0602911 0.0621552 0.0639579 0.0656974 0.0673722 0.0689804 0.0705206 0.0719912 0.0733908 0.0747179 0.0759712 0.0771496 0.0782519 0.0792769 0.0802237 0.0810914 0.081879 0.0825858 0.0832111 0.0837543 0.0842148 0.0845922 0.0848861 0.0850963 0.0852225 0.0852645 0.0852225 0.0850963 0.0848861 0.0845922 0.0842148 0.0837543 0.0832111 0.0825858 0.081879 0.0810914 0.0802237 0.0792769 0.0782519 0.0771496 0.0759712 0.0747179 0.0733908 0.0719912 0.0705206 0.0689804 0.0673722 0.0656974 0.0639579 0.0621552 0.0602911 0.0583676 0.0563864 0.0543497 0.0522592 0.0501172 0.0479258 0.045687 0.0434032 0.0410765 0.0387093 0.0363039 0.0338626 0.031388 0.0288823 0.0263482 0.023788 0.0212044 0.0185999 0.015977 0.0133383 0.0106865 0.0080241 0.0053538 0.00267822 0 
0 0.00356685 0.00713018 0.0106865 0.0142322 0.0177639 0.0212781 0.0247713 0.02824 0.0316809 0.0350905 0.0384654 0.0418024 0.0450982 0.0483494 0.0515529 0.0547056 0.0578042 0.0608459 0.0638274 0.066746 0.0695987 0.0723827 0.0750953 0.0777338 0.0802956 0.0827781 0.0851789 0.0874957 0.0897261 0.091868 0.0939192 0.0958777 0.0977416 0.0995091 0.101178 0.102748 0.104216 0.105581 0.106842 0.107997 0.109046 0.109988 0.11082 0.111544 0.112157 0.11266 0.113051 0.113331 0.113499 0.113555 0.113499 0.113331 0.113051 0.11266 0.112157 0.111544 0.11082 0.109988 0.109046 0.107997 0.106842 0.105581 0.104216 0.102748 0.101178 0.0995091 0.0977416 0.0958777 0.0939192 0.091868 0.0897261 0.0874957 0.0851789 0.0827781 0.0802956 0.0777338 0.0750953 0.0723827 0.0695987 0.066746 0.0638274 0.0608459 0.0578042 0.0547056 0.0515529 0.0483494 0.0450982 0.0418024 0.0384654 0.0350905 0.0316809 0.02824 0.0247713 0.0212781 0.0177639 0.0142322 0.0106865 0.00713018 0.00356685 0 
0 0.00445196 0.00889953 0.0133383 0.0177639 0.022172 0.0265582 0.0309182 0.0352477 0.0395424 0.0437981 0.0480105 0.0521756 0.0562892 0.0603472 0.0643457 0.0682807 0.0721483 0.0759447 0.0796661 0.0833089 0.0868695 0.0903444 0.0937301 0.0970233 0.100221 0.103319 0.106316 0.109208 0.111992 0.114665 0.117225 0.11967 0.121996 0.124202 0.126286 0.128244 0.130077 0.131781 0.133354 0.134797 0.136106 0.137281 0.13832 0.139223 0.139989 0.140616 0.141105 0.141454 0.141664 0.141734 0.141664 0.141454 0.141105 0.140616 0.139989 0.139223 0.13832 0.137281 0.136106 0.134797 0.133354 0.131781 0.130077 0.128244 0.126286 0.124202 0.121996 0.11967 0.117225 0.114665 0.111992 0.109208 0.106316 0.103319 0.100221 0.0970233 0.0937301 0.0903444 0.0868695 0.0833089 0.0796661 0.0759447 0.0721483 0.0682807 0.0643457 0.0603472 0.0562892 0.0521756 0.0480105 0.0437981 0.0395424 0.0352477 0.0309182 0.0265582 0.022172 0.0177639 0.0133383 0.00889953 0.00445196 0 
0 0.00533267 0.0106601 0.015977 0.0212781 0.0265582 0.0318121 0.0370347 0.0422206 0.0473649 0.0524625 0.0575083 0.0624973 0.0674247 0.0722855 0.077075 0.0817884 0.0864211 0.0909685 0.0954261 0.0997896 0.104055 0.108217 0.112272 0.116217 0.120047 0.123759 0.127348 0.130812 0.134146 0.137349 0.140415 0.143343 0.14613 0.148773 0.151268 0.153615 0.155809 0.15785 0.159735 0.161463 0.163031 0.164439 0.165684 0.166765 0.167682 0.168434 0.169019 0.169437 0.169688 0.169772 0.169688 0.169437 0.169019 0.168434 0.167682 0.166765 0.165684 0.164439 0.163031 0.161463 0.159735 0.15785 0.155809 0.153615 0.151268 0.148773 0.14613 0.143343 0.140415 0.137349 0.134146 0.130812 0.127348 0.123759 0.120047 0.116217 0.112272 0.108217 0.104055 0.0997896 0.0954261 0.0909685 0.0864211 0.0817884 0.077075 0.0722855 0.0674247 0.0624973 0.0575083 0.0524625 0.0473649 0.0422206 0.0370347 0.0318121 0.0265582 0.0212781 0.015977 0.0106601 0.00533267 0 
0 0.00620813 0.0124101 0.0185999 0.0247713 0.0309182 0.0370347 0.0431146 0.0491519 0.0551407 0.0610751 0.0669493 0.0727574 0.0784936 0.0841524 0.0897282 0.0952154 0.100609 0.105903 0.111092 0.116172 0.121137 0.125983 0.130704 0.135296 0.139755 0.144076 0.148254 0.152287 0.156169 0.159897 0.163467 0.166876 0.17012 0.173196 0.176101 0.178833 0.181388 0.183764 0.185959 0.18797 0.189796 0.191434 0.192883 0.194143 0.19521 0.196085 0.196766 0.197253 0.197546 0.197643 0.197546 0.197253 0.196766 0.196085 0.19521 0.194143 0.192883 0.191434 0.189796 0.18797 0.185959 0.183764 0.181388 0.178833 0.176101 0.173196 0.17012 0.166876 0.163467 0.159897 0.156169 0.152287 0.148254 0.144076 0.139755 0.135296 0.130704 0.125983 0.121137 0.116172 0.111092 0.105903 0.100609 0.0952154 0.0897282 0.0841524 0.0784936 0.0727574 0.0669493 0.0610751 0.0551407 0.0491519 0.0431146 0.0370347 0.0309182 0.0247713 0.0185999 0.0124101 0.00620813 0 
0 0.00707745 0.0141479 0.0212044 0.02824 0.0352477 0.0422206 0.0491519 0.0560346 0.0628621 0.0696275 0.0763242 0.0829456 0.0894851 0.0959363 0.102293 0.108548 0.114697 0.120732 0.126648 0.132439 0.1381 0.143624 0.149006 0.154242 0.159325 0.164251 0.169015 0.173612 0.178037 0.182287 0.186357 0.190243 0.193942 0.197449 0.200761 0.203875 0.206788 0.209497 0.211999 0.214291 0.216373 0.218241 0.219893 0.221328 0.222545 0.223543 0.224319 0.224875 0.225208 0.225319 0.225208 0.224875 0.224319 0.223543 0.222545 0.221328 0.219893 0.218241 0.216373 0.214291 0.211999 0.209497 0.206788 0.203875 0.200761 0.197449 0.193942 0.190243 0.186357 0.182287 0.178037 0.173612 0.169015 0.164251 0.159325 0.154242 0.149006 0.143624 0.1381 0.132439 0.126648 0.120732 0.114697 0.108548 0.102293 0.0959363 0.0894851 0.0829456 0.0763242 0.0696275 0.0628621 0.0560346 0.0491519 0.0422206 0.0352477 0.02824 0.0212044 0.0141479 0.00707745 0 
0 0.00793979 0.0158717 0.023788 0.0316809 0.0395424 0.0473649 0.0551407 0.0628621 0.0705214 0.0781112 0.0856238 0.093052 0.100388 0.107626 0.114757 0.121774 0.128672 0.135443 0.14208 0.148576 0.154926 0.161124 0.167162 0.173035 0.178738 0.184264 0.189608 0.194765 0.19973 0.204498 0.209064 0.213423 0.217572 0.221507 0.225222 0.228716 0.231984 0.235022 0.237829 0.240401 0.242736 0.244832 0.246685 0.248296 0.249661 0.25078 0.251651 0.252274 0.252648 0.252773 0.252648 0.252274 0.251651 0.25078 0.249661 0.248296 0.246685 0.244832 0.242736 0.240401 0.237829 0.235022 0.231984 0.228716 0.225222 0.221507 0.217572 0.213423 0.209064 0.204498 0.19973 0.194765 0.189608 0.184264 0.178738 0.173035 0.167162 0.161124 0.154926 0.148576 0.14208 0.135443 0.128672 0.121774 0.114757 0.107626 0.100388 0.093052 0.0856238 0.0781112 0.0705214 0.0628621 0.0551407 0.0473649 0.0395424 0.0316809 0.023788 0.0158717 0.00793979 0 
0 0.0087943 0.0175799 0.0263482 0.0350905 0.0437981 0.0524625 0.0610751 0.0696275 0.0781112 0.0865177 0.0948389 0.103066 0.111192 0.119209 0.127107 0.13488 0.14252 0.150019 0.157371 0.164566 0.1716 0.178464 0.185152 0.191658 0.197974 0.204095 0.210014 0.215726 0.221225 0.226506 0.231564 0.236393 0.240988 0.245346 0.249462 0.253331 0.25695 0.260316 0.263425 0.266274 0.26886 0.271181 0.273234 0.275018 0.27653 0.27777 0.278735 0.279425 0.279839 0.279977 0.279839 0.279425 0.278735 0.27777 0.27653 0.275018 0.273234 0.271181 0.26886 0.266274 0.263425 0.260316 0.25695 0.253331 0.249462 0.245346 0.240988 0.236393 0.231564 0.226506 0.221225 0.215726 0.210014 0.204095 0.197974 0.191658 0.185152 0.178464 0.1716 0.164566 0.157371 0.150019 0.14252 0.13488 0.127107 0.119209 0.111192 0.103066 0.0948389 0.0865177 0.0781112 0.0696275 0.0610751 0.0524625 0.0437981 0.0350905 0.0263482 0.0175799 0.0087943 0 
0 0.00964012 0.0192707 0.0288823 0.0384654 0.0480105 0.0575083 0.0669493 0.0763242 0.0856238 0.0948389 0.10396 0.112979 0.121887 0.130674 0.139332 0.147853 0.156227 0.164448 0.172506 0.180394 0.188104 0.195629 0.20296 0.210091 0.217015 0.223724 0.230213 0.236474 0.242503 0.248291 0.253835 0.259129 0.264166 0.268943 0.273455 0.277696 0.281664 0.285353 0.288761 0.291884 0.294719 0.297263 0.299514 0.301469 0.303127 0.304485 0.305543 0.3063 0.306754 0.306905 0.306754 0.3063 0.305543 0.304485 0.303127 0.301469 0.299514 0.297263 0.294719 0.291884 0.288761 0.285353 0.281664 0.277696 0.273455 0.268943 0.264166 0.259129 0.253835 0.248291 0.242503 0.236474 0.230213 0.223724 0.217015 0.210091 0.20296 0.195629 0.188104 0.180394 0.172506 0.164448 0.156227 0.147853 0.139332 0.130674 0.121887 0.112979 0.10396 0.0948389 0.0856238 0.0763242 0.0669493 0.0575083 0.0480105 0.0384654 0.0288823 0.0192707 0.00964012 0 
0 0.0104764 0.0209425 0.031388 0.0418024 0.0521756 0.0624973 0.0727574 0.0829456 0.093052 0.103066 0.112979 0.122781 0.132461 0.14201 0.15142 0.160679 0.169781 0.178714 0.187472 0.196044 0.204423 0.2126 0.220567 0.228317 0.235841 0.243133 0.250185 0.256989 0.263541 0.269832 0.275856 0.281609 0.287083 0.292275 0.297178 0.301787 0.306099 0.310109 0.313812 0.317206 0.320287 0.323052 0.325498 0.327622 0.329424 0.3309 0.33205 0.332872 0.333366 0.33353 0.333366 0.332872 0.33205 0.3309 0.329424 0.327622 0.325498 0.323052 0.320287 0.317206 0.313812 0.310109 0.306099 0.301787 0.297178 0.292275 0.287083 0.281609 0.275856 0.269832 0.263541 0.256989 0.250185 0.243133 0.235841 0.228317 0.220567 0.2126 0.204423 0.196044 0.187472 0.178714 0.169781 0.160679 0.15142 0.14201 0.132461 0.122781 0.112979 0.103066 0.093052 0.0829456 0.0727574 0.0624973 0.0521756 0.0418024 0.031388 0.0209425 0.0104764 0 
0 0.0113024 0.0225937 0.0338626 0.0450982 0.0562892 0.0674247 0.0784936 0.0894851 0.100388 0.111192 0.121887 0.132461 0.142904 0.153206 0.163358 0.173348 0.183166 0.192804 0.202252 0.2115 0.22054 0.229362 0.237957 0.246318 0.254435 0.262302 0.26991 0.277251 0.284318 0.291105 0.297605 0.303811 0.309717 0.315318 0.320607 0.32558 0.330232 0.334558 0.338553 0.342215 0.345539 0.348521 0.35116 0.353453 0.355396 0.356989 0.358229 0.359116 0.359649 0.359826 0.359649 0.359116 0.358229 0.356989 0.355396 0.353453 0.35116 0.348521 0.345539 0.342215 0.338553 0.334558 0.330232 0.32558 0.320607 0.315318 0.309717 0.303811 0.297605 0.291105 0.284318 0.277251 0.26991 0.262302 0.254435 0.246318 0.237957 0.229362 0.22054 0.2115 0.202252 0.192804 0.183166 0.173348 0.163358 0.153206 0.142904 0.132461 0.121887 0.111192 0.100388 0.0894851 0.0784936 0.0674247 0.0562892 0.0450982 0.0338626 0.0225937 0.0113024 0 
0 0.0121172 0.0242225 0.0363039 0.0483494 0.0603472 0.0722855 0.0841524 0.0959363 0.107626 0.119209 0.130674 0.14201 0.153206 0.164252 0.175134 0.185845 0.196371 0.206704 0.216833 0.226748 0.236439 0.245897 0.255112 0.264076 0.272778 0.281212 0.289368 0.297238 0.304816 0.312092 0.31906 0.325714 0.332046 0.33805 0.343721 0.349052 0.354039 0.358677 0.362961 0.366886 0.370449 0.373647 0.376476 0.378934 0.381017 0.382725 0.384055 0.385006 0.385577 0.385767 0.385577 0.385006 0.384055 0.382725 0.381017 0.378934 0.376476 0.373647 0.370449 0.366886 0.362961 0.358677 0.354039 0.349052 0.343721 0.33805 0.332046 0.325714 0.31906 0.312092 0.304816 0.297238 0.289368 0.281212 0.272778 0.264076 0.255112 0.245897 0.236439 0.226748 0.216833 0.206704 0.196371 0.185845 0.175134 0.164252 0.153206 0.14201 0.130674 0.119209 0.107626 0.0959363 0.0841524 0.0722855 0.0603472 0.0483494 0.0363039 0.0242225 0.0121172 0 
0 0.0129201 0.0258274 0.0387093 0.0515529 0.0643457 0.077075 0.0897282 0.102293 0.114757 0.127107 0.139332 0.15142 0.163358 0.175134 0.186739 0.198158 0.209382 0.2204 0.2312 0.241772 0.252105 0.26219 0.272015 0.281573 0.290852 0.299844 0.308541 0.316933 0.325012 0.33277 0.340201 0.347295 0.354046 0.360449 0.366495 0.37218 0.377497 0.382442 0.38701 0.391195 0.394995 0.398404 0.401421 0.404041 0.406263 0.408083 0.409501 0.410515 0.411124 0.411327 0.411124 0.410515 0.409501 0.408083 0.406263 0.404041 0.401421 0.398404 0.394995 0.391195 0.38701 0.382442 0.377497 0.37218 0.366495 0.360449 0.354046 0.347295 0.340201 0.33277 0.325012 0.316933 0.308541 0.299844 0.290852 0.281573 0.272015 0.26219 0.252105 0.241772 0.2312 0.2204 0.209382 0.198158 0.186739 0.175134 0.163358 0.15142 0.139332 0.127107 0.114757 0.102293 0.0897282 0.077075 0.0643457 0.0515529 0.0387093 0.0258274 0.0129201 0 
0 0.0137102 0.0274069 0.0410765 0.0547056 0.0682807 0.0817884 0.0952154 0.108548 0.121774 0.13488 0.147853 0.160679 0.173348 0.185845 0.198158 0.210276 0.222187 0.233878 0.245339 0.256557 0.267522 0.278224 0.28865 0.298792 0.308639 0.318181 0.327409 0.336314 0.344888 0.353121 0.361005 0.368533 0.375698 0.382491 0.388907 0.39494 0.400583 0.40583 0.410677 0.415118 0.41915 0.422768 0.425969 0.42875 0.431107 0.433039 0.434544 0.43562 0.436266 0.436481 0.436266 0.43562 0.434544 0.433039 0.431107 0.42875 0.425969 0.422768 0.41915 0.415118 0.410677 0.40583 0.400583 0.39494 0.388907 0.382491 0.375698 0.368533 0.361005 0.353121 0.344888 0.336314 0.327409 0.318181 0.308639 0.298792 0.28865 0.278224 0.267522 0.256557 0.245339 0.233878 0.222187 0.210276 0.198158 0.185845 0.173348 0.160679 0.147853 0.13488 0.121774 0.108548 0.0952154 0.0817884 0.0682807 0.0547056 0.0410765 0.0274069 0.0137102 0 
0 0.0144868 0.0289593 0.0434032 0.0578042 0.0721483 0.0864211 0.100609 0.114697 0.128672 0.14252 0.156227 0.169781 0.183166 0.196371 0.209382 0.222187 0.234772 0.247126 0.259235 0.271089 0.282675 0.293983 0.305 0.315716 0.326121 0.336204 0.345955 0.355364 0.364423 0.373122 0.381453 0.389408 0.396978 0.404157 0.410936 0.41731 0.423273 0.428817 0.433938 0.438632 0.442892 0.446715 0.450097 0.453035 0.455526 0.457568 0.459158 0.460294 0.460977 0.461204 0.460977 0.460294 0.459158 0.457568 0.455526 0.453035 0.450097 0.446715 0.442892 0.438632 0.433938 0.428817 0.423273 0.41731 0.410936 0.404157 0.396978 0.389408 0.381453 0.373122 0.364423 0.355364 0.345955 0.336204 0.326121 0.315716 0.305 0.293983 0.282675 0.271089 0.259235 0.247126 0.234772 0.222187 0.209382 0.196371 0.183166 0.169781 0.156227 0.14252 0.128672 0.114697 0.100609 0.0864211 0.0721483 0.0578042 0.0434032 0.0289593 0.0144868 0 
0 0.0152491 0.0304831 0.045687 0.0608459 0.0759447 0.0909685 0.105903 0.120732 0.135443 0.150019 0.164448 0.178714 0.192804 0.206704 0.2204 0.233878 0.247126 0.260129 0.272876 0.285354 0.29755 0.309452 0.321049 0.332329 0.343281 0.353894 0.364158 0.374063 0.383599 0.392756 0.401525 0.409898 0.417867 0.425423 0.432559 0.439269 0.445545 0.451381 0.456772 0.461712 0.466196 0.470221 0.473781 0.476874 0.479496 0.481645 0.483318 0.484515 0.485233 0.485473 0.485233 0.484515 0.483318 0.481645 0.479496 0.476874 0.473781 0.470221 0.466196 0.461712 0.456772 0.451381 0.445545 0.439269 0.432559 0.425423 0.417867 0.409898 0.401525 0.392756 0.383599 0.374063 0.364158 0.353894 0.343281 0.332329 0.321049 0.309452 0.29755 0.285354 0.272876 0.260129 0.247126 0.233878 0.2204 0.206704 0.192804 0.178714 0.164448 0.150019 0.135443 0.120732 0.105903 0.0909685 0.0759447 0.0608459 0.045687 0.0304831 0.0152491 0 
0 0.0159963 0.0319768 0.0479258 0.0638274 0.0796661 0.0954261 0.111092 0.126648 0.14208 0.157371 0.172506 0.187472 0.202252 0.216833 0.2312 0.245339 0.259235 0.272876 0.286248 0.299337 0.31213 0.324616 0.336781 0.348614 0.360102 0.371236 0.382003 0.392393 0.402396 0.412001 0.421201 0.429984 0.438343 0.44627 0.453756 0.460794 0.467377 0.4735 0.479155 0.484337 0.489041 0.493262 0.496997 0.500241 0.502992 0.505246 0.507002 0.508257 0.509011 0.509262 0.509011 0.508257 0.507002 0.505246 0.502992 0.500241 0.496997 0.493262 0.489041 0.484337 0.479155 0.4735 0.467377 0.460794 0.453756 0.44627 0.438343 0.429984 0.421201 0.412001 0.402396 0.392393 0.382003 0.371236 0.360102 0.348614 0.336781 0.324616 0.31213 0.299337 0.286248 0.272876 0.259235 0.245339 0.2312 0.216833 0.202252 0.187472 0.172506 0.157371 0.14208 0.126648 0.111092 0.0954261 0.0796661 0.0638274 0.0479258 0.0319768 0.0159963 0 
0 0.0167277 0.033439 0.0501172 0.066746 0.0833089 0.0997896 0.116172 0.132439 0.148576 0.164566 0.180394 0.196044 0.2115 0.226748 0.241772 0.256557 0.271089 0.285354 0.299337 0.313024 0.326403 0.339459 0.352181 0.364554 0.376569 0.388211 0.39947 0.410336 0.420796 0.430841 0.44046 0.449645 0.458387 0.466676 0.474504 0.481864 0.488749 0.495151 0.501065 0.506484 0.511403 0.515817 0.519723 0.523115 0.525992 0.528349 0.530185 0.531498 0.532286 0.532548 0.532286 0.531498 0.530185 0.528349 0.525992 0.523115 0.519723 0.515817 0.511403 0.506484 0.501065 0.495151 0.488749 0.481864 0.474504 0.466676 0.458387 0.449645 0.44046 0.430841 0.420796 0.410336 0.39947 0.388211 0.376569 0.364554 0.352181 0.339459 0.326403 0.313024 0.299337 0.285354 0.271089 0.256557 0.241772 0.226748 0.2115 0.196044 0.180394 0.164566 0.148576 0.132439 0.116172 0.0997896 0.0833089 0.066746 0.0501172 0.033439 0.0167277 0 
0 0.0174427 0.0348682 0.0522592 0.0695987 0.0868695 0.104055 0.121137 0.1381 0.154926 0.1716 0.188104 0.204423 0.22054 0.236439 0.252105 0.267522 0.282675 0.29755 0.31213 0.326403 0.340353 0.353968 0.367233 0.380135 0.392663 0.404803 0.416544 0.427873 0.43878 0.449255 0.459286 0.468863 0.477978 0.486621 0.494784 0.502459 0.509638 0.516314 0.52248 0.528131 0.53326 0.537863 0.541936 0.545473 0.548473 0.550931 0.552845 0.554214 0.555035 0.555309 0.555035 0.554214 0.552845 0.550931 0.548473 0.545473 0.541936 0.537863 0.53326 0.528131 0.52248 0.516314 0.509638 0.502459 0.494784 0.486621 0.477978 0.468863 0.459286 0.449255 0.43878 0.427873 0.416544 0.404803 0.392663 0.380135 0.367233 0.353968 0.340353 0.326403 0.31213 0.29755 0.282675 0.267522 0.252105 0.236439 0.22054 0.204423 0.188104 0.1716 0.154926 0.1381 0.121137 0.104055 0.0868695 0.0695987 0.0522592 0.0348682 0.0174427 0 
0 0.0181404 0.0362629 0.0543497 0.0723827 0.0903444 0.108217 0.125983 0.143624 0.161124 0.178464 0.195629 0.2126 0.229362 0.245897 0.26219 0.278224 0.293983 0.309452 0.324616 0.339459 0.353968 0.368127 0.381922 0.395341 0.40837 0.420996 0.433206 0.444989 0.456332 0.467225 0.477658 0.487618 0.497098 0.506087 0.514576 0.522558 0.530024 0.536967 0.54338 0.549256 0.554591 0.559378 0.563614 0.567293 0.570412 0.572968 0.574959 0.576383 0.577237 0.577522 0.577237 0.576383 0.574959 0.572968 0.570412 0.567293 0.563614 0.559378 0.554591 0.549256 0.54338 0.536967 0.530024 0.522558 0.514576 0.506087 0.497098 0.487618 0.477658 0.467225 0.456332 0.444989 0.433206 0.420996 0.40837 0.395341 0.381922 0.368127 0.353968 0.339459 0.324616 0.309452 0.293983 0.278224 0.26219 0.245897 0.229362 0.2126 0.195629 0.178464 0.161124 0.143624 0.125983 0.108217 0.0903444 0.0723827 0.0543497 0.0362629 0.0181404 0 
0 0.0188202 0.0376219 0.0563864 0.0750953 0.0937301 0.112272 0.130704 0.149006 0.167162 0.185152 0.20296 0.220567 0.237957 0.255112 0.272015 0.28865 0.305 0.321049 0.336781 0.352181 0.367233 0.381922 0.396235 0.410157 0.423674 0.436773 0.449441 0.461665 0.473434 0.484735 0.495558 0.505892 0.515727 0.525053 0.53386 0.542141 0.549887 0.55709 0.563743 0.56984 0.575375 0.580341 0.584736 0.588552 0.591789 0.594441 0.596506 0.597983 0.59887 0.599165 0.59887 0.597983 0.596506 0.594441 0.591789 0.588552 0.584736 0.580341 0.575375 0.56984 0.563743 0.55709 0.549887 0.542141 0.53386 0.525053 0.515727 0.505892 0.495558 0.484735 0.473434 0.461665 0.449441 0.436773 0.423674 0.410157 0.396235 0.381922 0.367233 0.352181 0.336781 0.321049 0.305 0.28865 0.272015 0.255112 0.237957 0.220567 0.20296 0.185152 0.167162 0.149006 0.130704 0.112272 0.0937301 0.0750953 0.0563864 0.0376219 0.0188202 0 
0 0.0194815 0.0389438 0.0583676 0.0777338 0.0970233 0.116217 0.135296 0.154242 0.173035 0.191658 0.210091 0.228317 0.246318 0.264076 0.281573 0.298792 0.315716 0.332329 0.348614 0.364554 0.380135 0.395341 0.410157 0.424568 0.43856 0.452119 0.465232 0.477885 0.490068 0.501766 0.512969 0.523667 0.533847 0.5435 0.552617 0.561189 0.569207 0.576663 0.58355 0.589861 0.595591 0.600732 0.60528 0.609231 0.612581 0.615326 0.617465 0.618993 0.619911 0.620217 0.619911 0.618993 0.617465 0.615326 0.612581 0.609231 0.60528 0.600732 0.595591 0.589861 0.58355 0.576663 0.569207 0.561189 0.552617 0.5435 0.533847 0.523667 0.512969 0.501766 0.490068 0.477885 0.465232 0.452119 0.43856 0.424568 0.410157 0.395341 0.380135 0.364554 0.348614 0.332329 0.315716 0.298792 0.281573 0.264076 0.246318 0.228317 0.210091 0.191658 0.173035 0.154242 0.135296 0.116217 0.0970233 0.0777338 0.0583676 0.0389438 0.0194815 0 
0 0.0201235 0.0402272 0.0602911 0.0802956 0.100221 0.120047 0.139755 0.159325 0.178738 0.197974 0.217015 0.235841 0.254435 0.272778 0.290852 0.308639 0.326121 0.343281 0.360102 0.376569 0.392663 0.40837 0.423674 0.43856 0.453013 0.467019 0.480564 0.493634 0.506218 0.518302 0.529875 0.540924 0.55144 0.561412 0.570829 0.579684 0.587966 0.595668 0.602782 0.609301 0.615219 0.620529 0.625228 0.629309 0.632769 0.635605 0.637813 0.639393 0.640341 0.640657 0.640341 0.639393 0.637813 0.635605 0.632769 0.629309 0.625228 0.620529 0.615219 0.609301 0.602782 0.595668 0.587966 0.579684 0.570829 0.561412 0.55144 0.540924 0.529875 0.518302 0.506218 0.493634 0.480564 0.467019 0.453013 0.43856 0.423674 0.40837 0.392663 0.376569 0.360102 0.343281 0.326121 0.308639 0.290852 0.272778 0.254435 0.235841 0.217015 0.197974 0.178738 0.159325 0.139755 0.120047 0.100221 0.0802956 0.0602911 0.0402272 0.0201235 0 
0 0.0207457 0.0414709 0.0621552 0.0827781 0.103319 0.123759 0.144076 0.164251 0.184264 0.204095 0.223724 0.243133 0.262302 0.281212 0.299844 0.318181 0.336204 0.353894 0.371236 0.388211 0.404803 0.420996 0.436773 0.452119 0.467019 0.481458 0.495421 0.508896 0.521869 0.534327 0.546257 0.557648 0.568489 0.578769 0.588478 0.597606 0.606144 0.614084 0.621418 0.628139 0.63424 0.639714 0.644558 0.648765 0.652333 0.655256 0.657533 0.659161 0.660138 0.660464 0.660138 0.659161 0.657533 0.655256 0.652333 0.648765 0.644558 0.639714 0.63424 0.628139 0.621418 0.614084 0.606144 0.597606 0.588478 0.578769 0.568489 0.557648 0.546257 0.534327 0.521869 0.508896 0.495421 0.481458 0.467019 0.452119 0.436773 0.420996 0.404803 0.388211 0.371236 0.353894 0.336204 0.318181 0.299844 0.281212 0.262302 0.243133 0.223724 0.204095 0.184264 0.164251 0.144076 0.123759 0.103319 0.0827781 0.0621552 0.0414709 0.0207457 0 
0 0.0213474 0.0426737 0.0639579 0.0851789 0.106316 0.127348 0.148254 0.169015 0.189608 0.210014 0.230213 0.250185 0.26991 0.289368 0.308541 0.327409 0.345955 0.364158 0.382003 0.39947 0.416544 0.433206 0.449441 0.465232 0.480564 0.495421 0.50979 0.523656 0.537005 0.549824 0.5621 0.573822 0.584977 0.595555 0.605546 0.614938 0.623724 0.631894 0.639441 0.646357 0.652634 0.658268 0.663252 0.667582 0.671252 0.674261 0.676604 0.678279 0.679284 0.67962 0.679284 0.678279 0.676604 0.674261 0.671252 0.667582 0.663252 0.658268 0.652634 0.646357 0.639441 0.631894 0.623724 0.614938 0.605546 0.595555 0.584977 0.573822 0.5621 0.549824 0.537005 0.523656 0.50979 0.495421 0.480564 0.465232 0.449441 0.433206 0.416544 0.39947 0.382003 0.364158 0.345955 0.327409 0.308541 0.289368 0.26991 0.250185 0.230213 0.210014 0.189608 0.169015 0.148254 0.127348 0.106316 0.0851789 0.0639579 0.0426737 0.0213474 0 
0 0.021928 0.0438343 0.0656974 0.0874957 0.109208 0.130812 0.152287 0.173612 0.194765 0.215726 0.236474 0.256989 0.277251 0.297238 0.316933 0.336314 0.355364 0.374063 0.392393 0.410336 0.427873 0.444989 0.461665 0.477885 0.493634 0.508896 0.523656 0.537899 0.551611 0.564778 0.577389 0.589429 0.600888 0.611754 0.622016 0.631664 0.640689 0.649081 0.656833 0.663937 0.670385 0.676172 0.681292 0.685739 0.68951 0.6926 0.695006 0.696727 0.69776 0.698105 0.69776 0.696727 0.695006 0.6926 0.68951 0.685739 0.681292 0.676172 0.670385 0.663937 0.656833 0.649081 0.640689 0.631664 0.622016 0.611754 0.600888 0.589429 0.577389 0.564778 0.551611 0.537899 0.523656 0.508896 0.493634 0.477885 0.461665 0.444989 0.427873 0.410336 0.392393 0.374063 0.355364 0.336314 0.316933 0.297238 0.277251 0.256989 0.236474 0.215726 0.194765 0.173612 0.152287 0.130812 0.109208 0.0874957 0.0656974 0.0438343 0.021928 0 
0 0.022487 0.0449518 0.0673722 0.0897261 0.111992 0.134146 0.156169 0.178037 0.19973 0.221225 0.242503 0.263541 0.284318 0.304816 0.325012 0.344888 0.364423 0.383599 0.402396 0.420796 0.43878 0.456332 0.473434 0.490068 0.506218 0.521869 0.537005 0.551611 0.565672 0.579176 0.592107 0.604455 0.616206 0.627348 0.637872 0.647766 0.657021 0.665627 0.673577 0.680862 0.687475 0.693409 0.698659 0.70322 0.707087 0.710255 0.712723 0.714488 0.715547 0.715901 0.715547 0.714488 0.712723 0.710255 0.707087 0.70322 0.698659 0.693409 0.687475 0.680862 0.673577 0.665627 0.657021 0.647766 0.637872 0.627348 0.616206 0.604455 0.592107 0.579176 0.565672 0.551611 0.537005 0.521869 0.506218 0.490068 0.473434 0.456332 0.43878 0.420796 0.402396 0.383599 0.364423 0.344888 0.325012 0.304816 0.284318 0.263541 0.242503 0.221225 0.19973 0.178037 0.156169 0.134146 0.111992 0.0897261 0.0673722 0.0449518 0.022487 0 
0 0.0230238 0.0460248 0.0689804 0.091868 0.114665 0.137349 0.159897 0.182287 0.204498 0.226506 0.248291 0.269832 0.291105 0.312092 0.33277 0.353121 0.373122 0.392756 0.412001 0.430841 0.449255 0.467225 0.484735 0.501766 0.518302 0.534327 0.549824 0.564778 0.579176 0.593001 0.606242 0.618884 0.630915 0.642324 0.653099 0.663229 0.672705 0.681517 0.689656 0.697115 0.703886 0.709962 0.715337 0.720007 0.723966 0.72721 0.729737 0.731544 0.732628 0.73299 0.732628 0.731544 0.729737 0.72721 0.723966 0.720007 0.715337 0.709962 0.703886 0.697115 0.689656 0.681517 0.672705 0.663229 0.653099 0.642324 0.630915 0.618884 0.606242 0.593001 0.579176 0.564778 0.549824 0.534327 0.518302 0.501766 0.484735 0.467225 0.449255 0.430841 0.412001 0.392756 0.373122 0.353121 0.33277 0.312092 0.291105 0.269832 0.248291 0.226506 0.204498 0.182287 0.159897 0.137349 0.114665 0.091868 0.0689804 0.0460248 0.0230238 0 
0 0.0235378 0.0470525 0.0705206 0.0939192 0.117225 0.140415 0.163467 0.186357 0.209064 0.231564 0.253835 0.275856 0.297605 0.31906 0.340201 0.361005 0.381453 0.401525 0.421201 0.44046 0.459286 0.477658 0.495558 0.512969 0.529875 0.546257 0.5621 0.577389 0.592107 0.606242 0.619778 0.632702 0.645002 0.656666 0.667681 0.678038 0.687725 0.696734 0.705055 0.71268 0.719602 0.725814 0.731309 0.736083 0.74013 0.743447 0.74603 0.747877 0.748986 0.749356 0.748986 0.747877 0.74603 0.743447 0.74013 0.736083 0.731309 0.725814 0.719602 0.71268 0.705055 0.696734 0.687725 0.678038 0.667681 0.656666 0.645002 0.632702 0.619778 0.606242 0.592107 0.577389 0.5621 0.546257 0.529875 0.512969 0.495558 0.477658 0.459286 0.44046 0.421201 0.401525 0.381453 0.361005 0.340201 0.31906 0.297605 0.275856 0.253835 0.231564 0.209064 0.186357 0.163467 0.140415 0.117225 0.0939192 0.0705206 0.0470525 0.0235378 0 
0 0.0240287 0.0480337 0.0719912 0.0958777 0.11967 0.143343 0.166876 0.190243 0.213423 0.236393 0.259129 0.281609 0.303811 0.325714 0.347295 0.368533 0.389408 0.409898 0.429984 0.449645 0.468863 0.487618 0.505892 0.523667 0.540924 0.557648 0.573822 0.589429 0.604455 0.618884 0.632702 0.645896 0.658453 0.670359 0.681604 0.692177 0.702066 0.711263 0.719757 0.727542 0.734608 0.740949 0.746559 0.751433 0.755564 0.75895 0.761588 0.763473 0.764605 0.764983 0.764605 0.763473 0.761588 0.75895 0.755564 0.751433 0.746559 0.740949 0.734608 0.727542 0.719757 0.711263 0.702066 0.692177 0.681604 0.670359 0.658453 0.645896 0.632702 0.618884 0.604455 0.589429 0.573822 0.557648 0.540924 0.523667 0.505892 0.487618 0.468863 0.449645 0.429984 0.409898 0.389408 0.368533 0.347295 0.325714 0.303811 0.281609 0.259129 0.236393 0.213423 0.190243 0.166876 0.143343 0.11967 0.0958777 0.0719912 0.0480337 0.0240287 0 
0 0.0244958 0.0489674 0.0733908 0.0977416 0.121996 0.14613 0.17012 0.193942 0.217572 0.240988 0.264166 0.287083 0.309717 0.332046 0.354046 0.375698 0.396978 0.417867 0.438343 0.458387 0.477978 0.497098 0.515727 0.533847 0.55144 0.568489 0.584977 0.600888 0.616206 0.630915 0.645002 0.658453 0.671253 0.683391 0.694855 0.705633 0.715715 0.72509 0.73375 0.741685 0.748889 0.755354 0.761073 0.766041 0.770253 0.773705 0.776393 0.778315 0.779469 0.779854 0.779469 0.778315 0.776393 0.773705 0.770253 0.766041 0.761073 0.755354 0.748889 0.741685 0.73375 0.72509 0.715715 0.705633 0.694855 0.683391 0.671253 0.658453 0.645002 0.630915 0.616206 0.600888 0.584977 0.568489 0.55144 0.533847 0.515727 0.497098 0.477978 0.458387 0.438343 0.417867 0.396978 0.375698 0.354046 0.332046 0.309717 0.287083 0.264166 0.240988 0.217572 0.193942 0.17012 0.14613 0.121996 0.0977416 0.0733908 0.0489674 0.0244958 0 
0 0.0249388 0.0498529 0.0747179 0.0995091 0.124202 0.148773 0.173196 0.197449 0.221507 0.245346 0.268943 0.292275 0.315318 0.33805 0.360449 0.382491 0.404157 0.425423 0.44627 0.466676 0.486621 0.506087 0.525053 0.5435 0.561412 0.578769 0.595555 0.611754 0.627348 0.642324 0.656666 0.670359 0.683391 0.695749 0.70742 0.718393 0.728657 0.738202 0.747018 0.755097 0.762431 0.769013 0.774835 0.779893 0.784181 0.787696 0.790433 0.792389 0.793564 0.793956 0.793564 0.792389 0.790433 0.787696 0.784181 0.779893 0.774835 0.769013 0.762431 0.755097 0.747018 0.738202 0.728657 0.718393 0.70742 0.695749 0.683391 0.670359 0.656666 0.642324 0.627348 0.611754 0.595555 0.578769 0.561412 0.5435 0.525053 0.506087 0.486621 0.466676 0.44627 0.425423 0.404157 0.382491 0.360449 0.33805 0.315318 0.292275 0.268943 0.245346 0.221507 0.197449 0.173196 0.148773 0.124202 0.0995091 0.0747179 0.0498529 0.0249388 0 
0 0.0253571 0.0506892 0.0759712 0.101178 0.126286 0.151268 0.176101 0.200761 0.225222 0.249462 0.273455 0.297178 0.320607 0.343721 0.366495 0.388907 0.410936 0.432559 0.453756 0.474504 0.494784 0.514576 0.53386 0.552617 0.570829 0.588478 0.605546 0.622016 0.637872 0.653099 0.667681 0.681604 0.694855 0.70742 0.719287 0.730444 0.74088 0.750585 0.759549 0.767764 0.775221 0.781913 0.787833 0.792975 0.797336 0.800909 0.803692 0.805682 0.806876 0.807275 0.806876 0.805682 0.803692 0.800909 0.797336 0.792975 0.787833 0.781913 0.775221 0.767764 0.759549 0.750585 0.74088 0.730444 0.719287 0.70742 0.694855 0.681604 0.667681 0.653099 0.637872 0.622016 0.605546 0.588478 0.570829 0.552617 0.53386 0.514576 0.494784 0.474504 0.453756 0.432559 0.410936 0.388907 0.366495 0.343721 0.320607 0.297178 0.273455 0.249462 0.225222 0.200761 0.176101 0.151268 0.126286 0.101178 0.0759712 0.0506892 0.0253571 0 
0 0.0257504 0.0514754 0.0771496 0.102748 0.128244 0.153615 0.178833 0.203875 0.228716 0.253331 0.277696 0.301787 0.32558 0.349052 0.37218 0.39494 0.41731 0.439269 0.460794 0.481864 0.502459 0.522558 0.542141 0.561189 0.579684 0.597606 0.614938 0.631664 0.647766 0.663229 0.678038 0.692177 0.705633 0.718393 0.730444 0.741774 0.752372 0.762227 0.771331 0.779673 0.787245 0.794041 0.800053 0.805275 0.809703 0.813332 0.816158 0.818179 0.819392 0.819796 0.819392 0.818179 0.816158 0.813332 0.809703 0.805275 0.800053 0.794041 0.787245 0.779673 0.771331 0.762227 0.752372 0.741774 0.730444 0.718393 0.705633 0.692177 0.678038 0.663229 0.647766 0.631664 0.614938 0.597606 0.579684 0.561189 0.542141 0.522558 0.502459 0.481864 0.460794 0.439269 0.41731 0.39494 0.37218 0.349052 0.32558 0.301787 0.277696 0.253331 0.228716 0.203875 0.178833 0.153615 0.128244 0.102748 0.0771496 0.0514754 0.0257504 0 
0 0.0261183 0.0522109 0.0782519 0.104216 0.130077 0.155809 0.181388 0.206788 0.231984 0.25695 0.281664 0.306099 0.330232 0.354039 0.377497 0.400583 0.423273 0.445545 0.467377 0.488749 0.509638 0.530024 0.549887 0.569207 0.587966 0.606144 0.623724 0.640689 0.657021 0.672705 0.687725 0.702066 0.715715 0.728657 0.74088 0.752372 0.763121 0.773118 0.782351 0.790812 0.798493 0.805386 0.811484 0.816781 0.821272 0.824952 0.827819 0.829868 0.831099 0.831509 0.831099 0.829868 0.827819 0.824952 0.821272 0.816781 0.811484 0.805386 0.798493 0.790812 0.782351 0.773118 0.763121 0.752372 0.74088 0.728657 0.715715 0.702066 0.687725 0.672705 0.657021 0.640689 0.623724 0.606144 0.587966 0.569207 0.549887 0.530024 0.509638 0.488749 0.467377 0.445545 0.423273 0.400583 0.377497 0.354039 0.330232 0.306099 0.281664 0.25695 0.231984 0.206788 0.181388 0.155809 0.130077 0.104216 0.0782519 0.0522109 0.0261183 0 
0 0.0264605 0.0528948 0.0792769 0.105581 0.131781 0.15785 0.183764 0.209497 0.235022 0.260316 0.285353 0.310109 0.334558 0.358677 0.382442 0.40583 0.428817 0.451381 0.4735 0.495151 0.516314 0.536967 0.55709 0.576663 0.595668 0.614084 0.631894 0.649081 0.665627 0.681517 0.696734 0.711263 0.72509 0.738202 0.750585 0.762227 0.773118 0.783245 0.792599 0.801171 0.808952 0.815936 0.822113 0.82748 0.83203 0.835759 0.838663 0.840739 0.841985 0.842401 0.841985 0.840739 0.838663 0.835759 0.83203 0.82748 0.822113 0.815936 0.808952 0.801171 0.792599 0.783245 0.773118 0.762227 0.750585 0.738202 0.72509 0.711263 0.696734 0.681517 0.665627 0.649081 0.631894 0.614084 0.595668 0.576663 0.55709 0.536967 0.516314 0.495151 0.4735 0.451381 0.428817 0.40583 0.382442 0.358677 0.334558 0.310109 0.285353 0.260316 0.235022 0.209497 0.183764 0.15785 0.131781 0.105581 0.0792769 0.0528948 0.0264605 0 
0 0.0267765 0.0535265 0.0802237 0.106842 0.133354 0.159735 0.185959 0.211999 0.237829 0.263425 0.288761 0.313812 0.338553 0.362961 0.38701 0.410677 0.433938 0.456772 0.479155 0.501065 0.52248 0.54338 0.563743 0.58355 0.602782 0.621418 0.639441 0.656833 0.673577 0.689656 0.705055 0.719757 0.73375 0.747018 0.759549 0.771331 0.782351 0.792599 0.802065 0.810739 0.818614 0.82568 0.831932 0.837362 0.841967 0.84574 0.848679 0.85078 0.852041 0.852462 0.852041 0.85078 0.848679 0.84574 0.841967 0.837362 0.831932 0.82568 0.818614 0.810739 0.802065 0.792599 0.782351 0.771331 0.759549 0.747018 0.73375 0.719757 0.705055 0.689656 0.673577 0.656833 0.639441 0.621418 0.602782 0.58355 0.563743 0.54338 0.52248 0.501065 0.479155 0.456772 0.433938 0.410677 0.38701 0.362961 0.338553 0.313812 0.288761 0.263425 0.237829 0.211999 0.185959 0.159735 0.133354 0.106842 0.0802237 0.0535265 0.0267765 0 
0 0.0270661 0.0541054 0.0810914 0.107997 0.134797 0.161463 0.18797 0.214291 0.240401 0.266274 0.291884 0.317206 0.342215 0.366886 0.391195 0.415118 0.438632 0.461712 0.484337 0.506484 0.528131 0.549256 0.56984 0.589861 0.609301 0.628139 0.646357 0.663937 0.680862 0.697115 0.71268 0.727542 0.741685 0.755097 0.767764 0.779673 0.790812 0.801171 0.810739 0.819508 0.827467 0.83461 0.840929 0.846419 0.851073 0.854887 0.857857 0.859981 0.861256 0.861681 0.861256 0.859981 0.857857 0.854887 0.851073 0.846419 0.840929 0.83461 0.827467 0.819508 0.810739 0.801171 0.790812 0.779673 0.767764 0.755097 0.741685 0.727542 0.71268 0.697115 0.680862 0.663937 0.646357 0.628139 0.609301 0.589861 0.56984 0.549256 0.528131 0.506484 0.484337 0.461712 0.438632 0.415118 0.391195 0.366886 0.342215 0.317206 0.291884 0.266274 0.240401 0.214291 0.18797 0.161463 0.134797 0.107997 0.0810914 0.0541054 0.0270661 0 
0 0.0273289 0.0546309 0.081879 0.109046 0.136106 0.163031 0.189796 0.216373 0.242736 0.26886 0.294719 0.320287 0.345539 0.370449 0.394995 0.41915 0.442892 0.466196 0.489041 0.511403 0.53326 0.554591 0.575375 0.595591 0.615219 0.63424 0.652634 0.670385 0.687475 0.703886 0.719602 0.734608 0.748889 0.762431 0.775221 0.787245 0.798493 0.808952 0.818614 0.827467 0.835504 0.842716 0.849097 0.854639 0.859339 0.86319 0.866189 0.868334 0.869621 0.87005 0.869621 0.868334 0.866189 0.86319 0.859339 0.854639 0.849097 0.842716 0.835504 0.827467 0.818614 0.808952 0.798493 0.787245 0.775221 0.762431 0.748889 0.734608 0.719602 0.703886 0.687475 0.670385 0.652634 0.63424 0.615219 0.595591 0.575375 0.554591 0.53326 0.511403 0.489041 0.466196 0.442892 0.41915 0.394995 0.370449 0.345539 0.320287 0.294719 0.26886 0.242736 0.216373 0.189796 0.163031 0.136106 0.109046 0.081879 0.0546309 0.0273289 0 
0 0.0275649 0.0551025 0.0825858 0.109988 0.137281 0.164439 0.191434 0.218241 0.244832 0.271181 0.297263 0.323052 0.348521 0.373647 0.398404 0.422768 0.446715 0.470221 0.493262 0.515817 0.537863 0.559378 0.580341 0.600732 0.620529 0.639714 0.658268 0.676172 0.693409 0.709962 0.725814 0.740949 0.755354 0.769013 0.781913 0.794041 0.805386 0.815936 0.82568 0.83461 0.842716 0.849991 0.856426 0.862017 0.866757 0.870641 0.873666 0.875829 0.877128 0.877561 0.877128 0.875829 0.873666 0.870641 0.866757 0.862017 0.856426 0.849991 0.842716 0.83461 0.82568 0.815936 0.805386 0.794041 0.781913 0.769013 0.755354 0.740949 0.725814 0.709962 0.693409 0.676172 0.658268 0.639714 0.620529 0.600732 0.580341 0.559378 0.537863 0.515817 0.493262 0.470221 0.446715 0.422768 0.398404 0.373647 0.348521 0.323052 0.297263 0.271181 0.244832 0.218241 0.191434 0.164439 0.137281 0.109988 0.0825858 0.0551025 0.0275649 0 
0 0.0277736 0.0555197 0.0832111 0.11082 0.13832 0.165684 0.192883 0.219893 0.246685 0.273234 0.299514 0.325498 0.35116 0.376476 0.401421 0.425969 0.450097 0.473781 0.496997 0.519723 0.541936 0.563614 0.584736 0.60528 0.625228 0.644558 0.663252 0.681292 0.698659 0.715337 0.731309 0.746559 0.761073 0.774835 0.787833 0.800053 0.811484 0.822113 0.831932 0.840929 0.849097 0.856426 0.862911 0.868544 0.873319 0.877233 0.880281 0.882461 0.883769 0.884205 0.883769 0.882461 0.880281 0.877233 0.873319 0.868544 0.862911 0.856426 0.849097 0.840929 0.831932 0.822113 0.811484 0.800053 0.787833 0.774835 0.761073 0.746559 0.731309 0.715337 0.698659 0.681292 0.663252 0.644558 0.625228 0.60528 0.584736 0.563614 0.541936 0.519723 0.496997 0.473781 0.450097 0.425969 0.401421 0.376476 0.35116 0.325498 0.299514 0.273234 0.246685 0.219893 0.192883 0.165684 0.13832 0.11082 0.0832111 0.0555197 0.0277736 0 
