101 101
0 0 0 0 0 0 0 0 0 0 0 0 0 0 0 0 0 0 0 0 0 0 0 0 0 0 0 0 0 0 0 0 0 0 0 0 0 0 0 0 0 0 0 0 0 0 0 0 0 0 0 0 0 0 0 0 0 0 0 0 0 0 0 0 0 0 0 0 0 0 0 0 0 0 0 0 0 0 0 0 0 0 0 0 0 0 0 0 0 0 0 0 0 0 0 0 0 0 0 0 0 
0 2.98412e-08 5.9653e-08 8.94059e-08 1.19071e-07 1.48618e-07 1.78018e-07 2.07243e-07 2.36263e-07 2.6505e-07 2.93576e-07 3.21812e-07 3.4973e-07 3.77303e-07 4.04504e-07 4.31306e-07 4.57681e-07 4.83606e-07 5.09053e-07 5.33997e-07 5.58415e-07 5.82281e-07 6.05573e-07 6.28267e-07 6.50342e-07 6.71774e-07 6.92544e-07 7.1263e-07 7.32012e-07 7.50673e-07 7.68592e-07 7.85753e-07 8.02139e-07 8.17732e-07 8.32519e-07 8.46485e-07 8.59615e-07 8.71896e-07 8.83317e-07 8.93867e-07 9.03534e-07 9.1231e-07 9.20185e-07 9.27152e-07 9.33204e-07 9.38336e-07 9.42541e-07 9.45816e-07 9.48157e-07 9.49563e-07 9.50032e-07 9.49563e-07 9.48157e-07 9.45816e-07 9.42541e-07 9.38336e-07 9.33204e-07 9.27152e-07 9.20185e-07 9.1231e-07 9.03534e-07 8.93867e-07 8.83317e-07 8.71896e-07 8.59615e-07 8.46485e-07 8.32519e-07 8.17732e-07 8.02139e-07 7.85753e-07 7.68592e-07 7.50673e-07 7.32012e-07 7.1263e-07 6.92544e-07 6.71774e-07 6.50342e-07 6.28267e-07 6.05573e-07 5.82281e-07 5.58415e-07 5.33997e-07 5.09053e-07 4.83606e-07 4.57681e-07 4.31306e-07 4.04504e-07 3.77303e-07 3.4973e-07 3.21812e-07 2.93576e-07 2.6505e-07 2.36263e-07 2.07243e-07 1.78018e-07 1.48618e-07 1.19071e-07 8.94059e-08 5.9653e-08 2.98412e-08 0 
0 5.9653e-08 1.19247e-07 1.78724e-07 2.38024e-07 2.97089e-07 3.55861e-07 4.14282e-07 4.72294e-07 5.29839e-07 5.86862e-07 6.43306e-07 6.99115e-07 7.54234e-07 8.08609e-07 8.62185e-07 9.14911e-07 9.66734e-07 1.0176e-06 1.06747e-06 1.11628e-06 1.16399e-06 1.21055e-06 1.25591e-06 1.30004e-06 1.34289e-06 1.3844e-06 1.42456e-06 1.4633e-06 1.5006e-06 1.53643e-06 1.57073e-06 1.60349e-06 1.63466e-06 1.66422e-06 1.69213e-06 1.71838e-06 1.74293e-06 1.76576e-06 1.78685e-06 1.80618e-06 1.82372e-06 1.83946e-06 1.85339e-06 1.86549e-06 1.87575e-06 1.88415e-06 1.8907e-06 1.89538e-06 1.89819e-06 1.89913e-06 1.89819e-06 1.89538e-06 1.8907e-06 1.88415e-06 1.87575e-06 1.86549e-06 1.85339e-06 1.83946e-06 1.82372e-06 1.80618e-06 1.78685e-06 1.76576e-06 1.74293e-06 1.71838e-06 1.69213e-06 1.66422e-06 1.63466e-06 1.60349e-06 1.57073e-06 1.53643e-06 1.5006e-06 1.4633e-06 1.42456e-06 1.3844e-06 1.34289e-06 1.30004e-06 1.25591e-06 1.21055e-06 1.16399e-06 1.11628e-06 1.06747e-06 1.0176e-06 9.66734e-07 9.14911e-07 8.62185e-07 8.08609e-07 7.54234e-07 6.99115e-07 6.43306e-07 5.86862e-07 5.29839e-07 4.72294e-07 4.14282e-07 3.55861e-07 2.97089e-07 2.38024e-07 1.78724e-07 1.19247e-07 5.9653e-08 0 
0 8.94059e-08 1.78724e-07 2.67865e-07 3.56742e-07 4.45267e-07 5.33352e-07 6.20911e-07 7.07858e-07 7.94105e-07 8.7957e-07 9.64166e-07 1.04781e-06 1.13042e-06 1.21192e-06 1.29221e-06 1.37124e-06 1.44891e-06 1.52515e-06 1.59988e-06 1.67304e-06 1.74455e-06 1.81433e-06 1.88232e-06 1.94846e-06 2.01267e-06 2.0749e-06 2.13508e-06 2.19315e-06 2.24906e-06 2.30274e-06 2.35416e-06 2.40325e-06 2.44997e-06 2.49427e-06 2.53611e-06 2.57545e-06 2.61225e-06 2.64647e-06 2.67807e-06 2.70704e-06 2.73333e-06 2.75692e-06 2.7778e-06 2.79593e-06 2.8113e-06 2.8239e-06 2.83371e-06 2.84073e-06 2.84494e-06 2.84635e-06 2.84494e-06 2.84073e-06 2.83371e-06 2.8239e-06 2.8113e-06 2.79593e-06 2.7778e-06 2.75692e-06 2.73333e-06 2.70704e-06 2.67807e-06 2.64647e-06 2.61225e-06 2.57545e-06 2.53611e-06 2.49427e-06 2.44997e-06 2.40325e-06 2.35416e-06 2.30274e-06 2.24906e-06 2.19315e-06 2.13508e-06 2.0749e-06 2.01267e-06 1.94846e-06 1.88232e-06 1.81433e-06 1.74455e-06 1.67304e-06 1.59988e-06 1.52515e-06 1.44891e-06 1.37124e-06 1.29221e-06 1.21192e-06 1.13042e-06 1.04781e-06 9.64166e-07 8.7957e-07 7.94105e-07 7.07858e-07 6.20911e-07 5.33352e-07 4.45267e-07 3.56742e-07 2.67865e-07 1.78724e-07 8.94059e-08 0 
0 1.19071e-07 2.38024e-07 3.56742e-07 4.75108e-07 5.93005e-07 7.10317e-07 8.26928e-07 9.42723e-07 1.05759e-06 1.17141e-06 1.28407e-06 1.39547e-06 1.50549e-06 1.61403e-06 1.72097e-06 1.82621e-06 1.92965e-06 2.03119e-06 2.13072e-06 2.22815e-06 2.32338e-06 2.41632e-06 2.50687e-06 2.59495e-06 2.68047e-06 2.76334e-06 2.84349e-06 2.92083e-06 2.99529e-06 3.06679e-06 3.13526e-06 3.20064e-06 3.26286e-06 3.32187e-06 3.37759e-06 3.42998e-06 3.47899e-06 3.52456e-06 3.56665e-06 3.60523e-06 3.64024e-06 3.67166e-06 3.69946e-06 3.72361e-06 3.74409e-06 3.76087e-06 3.77393e-06 3.78328e-06 3.78889e-06 3.79076e-06 3.78889e-06 3.78328e-06 3.77393e-06 3.76087e-06 3.74409e-06 3.72361e-06 3.69946e-06 3.67166e-06 3.64024e-06 3.60523e-06 3.56665e-06 3.52456e-06 3.47899e-06 3.42998e-06 3.37759e-06 3.32187e-06 3.26286e-06 3.20064e-06 3.13526e-06 3.06679e-06 2.99529e-06 2.92083e-06 2.84349e-06 2.76334e-06 2.68047e-06 2.59495e-06 2.50687e-06 2.41632e-06 2.32338e-06 2.22815e-06 2.13072e-06 2.03119e-06 1.92965e-06 1.82621e-06 1.72097e-06 1.61403e-06 1.50549e-06 1.39547e-06 1.28407e-06 1.17141e-06 1.05759e-06 9.42723e-07 8.26928e-07 7.10317e-07 5.93005e-07 4.75108e-07 3.56742e-07 2.38024e-07 1.19071e-07 0 
0 1.48618e-07 2.97089e-07 4.45267e-07 5.93005e-07 7.40158e-07 8.86581e-07 1.03213e-06 1.17666e-06 1.32003e-06 1.46209e-06 1.60271e-06 1.74175e-06 1.87908e-06 2.01454e-06 2.14802e-06 2.27938e-06 2.40849e-06 2.53523e-06 2.65946e-06 2.78106e-06 2.89993e-06 3.01593e-06 3.12895e-06 3.23889e-06 3.34562e-06 3.44906e-06 3.5491e-06 3.64563e-06 3.73856e-06 3.82781e-06 3.91327e-06 3.99488e-06 4.07254e-06 4.14618e-06 4.21573e-06 4.28112e-06 4.34229e-06 4.39917e-06 4.45171e-06 4.49986e-06 4.54356e-06 4.58278e-06 4.61748e-06 4.64762e-06 4.67318e-06 4.69412e-06 4.71043e-06 4.72209e-06 4.72909e-06 4.73143e-06 4.72909e-06 4.72209e-06 4.71043e-06 4.69412e-06 4.67318e-06 4.64762e-06 4.61748e-06 4.58278e-06 4.54356e-06 4.49986e-06 4.45171e-06 4.39917e-06 4.34229e-06 4.28112e-06 4.21573e-06 4.14618e-06 4.07254e-06 3.99488e-06 3.91327e-06 3.82781e-06 3.73856e-06 3.64563e-06 3.5491e-06 3.44906e-06 3.34562e-06 3.23889e-06 3.12895e-06 3.01593e-06 2.89993e-06 2.78106e-06 2.65946e-06 2.53523e-06 2.40849e-06 2.27938e-06 2.14802e-06 2.01454e-06 1.87908e-06 1.74175e-06 1.60271e-06 1.46209e-06 1.32003e-06 1.17666e-06 1.03213e-06 8.86581e-07 7.40158e-07 5.93005e-07 4.45267e-07 2.97089e-07 1.48618e-07 0 
0 1.78018e-07 3.55861e-07 5.33352e-07 7.10317e-07 8.86581e-07 1.06197e-06 1.23631e-06 1.40943e-06 1.58116e-06 1.75133e-06 1.91977e-06 2.08632e-06 2.25081e-06 2.41307e-06 2.57296e-06 2.7303e-06 2.88496e-06 3.03676e-06 3.18557e-06 3.33123e-06 3.47361e-06 3.61256e-06 3.74794e-06 3.87962e-06 4.00748e-06 4.13138e-06 4.2512e-06 4.36683e-06 4.47815e-06 4.58505e-06 4.68742e-06 4.78517e-06 4.87819e-06 4.96641e-06 5.04972e-06 5.12804e-06 5.20131e-06 5.26944e-06 5.33238e-06 5.39005e-06 5.4424e-06 5.48938e-06 5.53094e-06 5.56704e-06 5.59765e-06 5.62274e-06 5.64228e-06 5.65625e-06 5.66463e-06 5.66743e-06 5.66463e-06 5.65625e-06 5.64228e-06 5.62274e-06 5.59765e-06 5.56704e-06 5.53094e-06 5.48938e-06 5.4424e-06 5.39005e-06 5.33238e-06 5.26944e-06 5.20131e-06 5.12804e-06 5.04972e-06 4.96641e-06 4.87819e-06 4.78517e-06 4.68742e-06 4.58505e-06 4.47815e-06 4.36683e-06 4.2512e-06 4.13138e-06 4.00748e-06 3.87962e-06 3.74794e-06 3.61256e-06 3.47361e-06 3.33123e-06 3.18557e-06 3.03676e-06 2.88496e-06 2.7303e-06 2.57296e-06 2.41307e-06 2.25081e-06 2.08632e-06 1.91977e-06 1.75133e-06 1.58116e-06 1.40943e-06 1.23631e-06 1.06197e-06 8.86581e-07 7.10317e-07 5.33352e-07 3.55861e-07 1.78018e-07 0 
0 2.07243e-07 4.14282e-07 6.20911e-07 8.26928e-07 1.03213e-06 1.23631e-06 1.43927e-06 1.64082e-06 1.84074e-06 2.03884e-06 2.23494e-06 2.42883e-06 2.62032e-06 2.80922e-06 2.99536e-06 3.17853e-06 3.35857e-06 3.5353e-06 3.70853e-06 3.87811e-06 4.04386e-06 4.20562e-06 4.36323e-06 4.51653e-06 4.66538e-06 4.80962e-06 4.94911e-06 5.08372e-06 5.21331e-06 5.33776e-06 5.45694e-06 5.57074e-06 5.67904e-06 5.78173e-06 5.87872e-06 5.9699e-06 6.0552e-06 6.13451e-06 6.20778e-06 6.27492e-06 6.33586e-06 6.39055e-06 6.43894e-06 6.48097e-06 6.51661e-06 6.54581e-06 6.56856e-06 6.58482e-06 6.59458e-06 6.59784e-06 6.59458e-06 6.58482e-06 6.56856e-06 6.54581e-06 6.51661e-06 6.48097e-06 6.43894e-06 6.39055e-06 6.33586e-06 6.27492e-06 6.20778e-06 6.13451e-06 6.0552e-06 5.9699e-06 5.87872e-06 5.78173e-06 5.67904e-06 5.57074e-06 5.45694e-06 5.33776e-06 5.21331e-06 5.08372e-06 4.94911e-06 4.80962e-06 4.66538e-06 4.51653e-06 4.36323e-06 4.20562e-06 4.04386e-06 3.87811e-06 3.70853e-06 3.5353e-06 3.35857e-06 3.17853e-06 2.99536e-06 2.80922e-06 2.62032e-06 2.42883e-06 2.23494e-06 2.03884e-06 1.84074e-06 1.64082e-06 1.43927e-06 1.23631e-06 1.03213e-06 8.26928e-07 6.20911e-07 4.14282e-07 2.07243e-07 0 
0 2.36263e-07 4.72294e-07 7.07858e-07 9.42723e-07 1.17666e-06 1.40943e-06 1.64082e-06 1.87058e-06 2.0985e-06 2.32434e-06 2.5479e-06 2.76893e-06 2.98724e-06 3.2026e-06 3.4148e-06 3.62362e-06 3.82887e-06 4.03035e-06 4.22784e-06 4.42116e-06 4.61012e-06 4.79453e-06 4.97421e-06 5.14898e-06 5.31867e-06 5.48311e-06 5.64214e-06 5.7956e-06 5.94334e-06 6.08521e-06 6.22108e-06 6.35081e-06 6.47427e-06 6.59135e-06 6.70191e-06 6.80587e-06 6.90311e-06 6.99353e-06 7.07705e-06 7.15359e-06 7.22307e-06 7.28542e-06 7.34059e-06 7.3885e-06 7.42913e-06 7.46242e-06 7.48835e-06 7.50689e-06 7.51802e-06 7.52173e-06 7.51802e-06 7.50689e-06 7.48835e-06 7.46242e-06 7.42913e-06 7.3885e-06 7.34059e-06 7.28542e-06 7.22307e-06 7.15359e-06 7.07705e-06 6.99353e-06 6.90311e-06 6.80587e-06 6.70191e-06 6.59135e-06 6.47427e-06 6.35081e-06 6.22108e-06 6.08521e-06 5.94334e-06 5.7956e-06 5.64214e-06 5.48311e-06 5.31867e-06 5.14898e-06 4.97421e-06 4.79453e-06 4.61012e-06 4.42116e-06 4.22784e-06 4.03035e-06 3.82887e-06 3.62362e-06 3.4148e-06 3.2026e-06 2.98724e-06 2.76893e-06 2.5479e-06 2.32434e-06 2.0985e-06 1.87058e-06 1.64082e-06 1.40943e-06 1.17666e-06 9.42723e-07 7.07858e-07 4.72294e-07 2.36263e-07 0 
0 2.6505e-07 5.29839e-07 7.94105e-07 1.05759e-06 1.32003e-06 1.58116e-06 1.84074e-06 2.0985e-06 2.35418e-06 2.60755e-06 2.85834e-06 3.10631e-06 3.35122e-06 3.59281e-06 3.83087e-06 4.06514e-06 4.2954e-06 4.52142e-06 4.74298e-06 4.95985e-06 5.17184e-06 5.37872e-06 5.58029e-06 5.77635e-06 5.96671e-06 6.15119e-06 6.32959e-06 6.50175e-06 6.66749e-06 6.82665e-06 6.97908e-06 7.12461e-06 7.26312e-06 7.39446e-06 7.5185e-06 7.63512e-06 7.7442e-06 7.84565e-06 7.93935e-06 8.02521e-06 8.10316e-06 8.17311e-06 8.23499e-06 8.28874e-06 8.33432e-06 8.37167e-06 8.40076e-06 8.42156e-06 8.43404e-06 8.43821e-06 8.43404e-06 8.42156e-06 8.40076e-06 8.37167e-06 8.33432e-06 8.28874e-06 8.23499e-06 8.17311e-06 8.10316e-06 8.02521e-06 7.93935e-06 7.84565e-06 7.7442e-06 7.63512e-06 7.5185e-06 7.39446e-06 7.26312e-06 7.12461e-06 6.97908e-06 6.82665e-06 6.66749e-06 6.50175e-06 6.32959e-06 6.15119e-06 5.96671e-06 5.77635e-06 5.58029e-06 5.37872e-06 5.17184e-06 4.95985e-06 4.74298e-06 4.52142e-06 4.2954e-06 4.06514e-06 3.83087e-06 3.59281e-06 3.35122e-06 3.10631e-06 2.85834e-06 2.60755e-06 2.35418e-06 2.0985e-06 1.84074e-06 1.58116e-06 1.32003e-06 1.05759e-06 7.94105e-07 5.29839e-07 2.6505e-07 0 
0 2.93576e-07 5.86862e-07 8.7957e-07 1.17141e-06 1.46209e-06 1.75133e-06 2.03884e-06 2.32434e-06 2.60755e-06 2.88818e-06 3.16596e-06 3.44062e-06 3.71188e-06 3.97948e-06 4.24316e-06 4.50264e-06 4.75768e-06 5.00803e-06 5.25343e-06 5.49365e-06 5.72845e-06 5.95759e-06 6.18085e-06 6.39802e-06 6.60887e-06 6.8132e-06 7.0108e-06 7.20149e-06 7.38507e-06 7.56136e-06 7.73019e-06 7.89139e-06 8.0448e-06 8.19027e-06 8.32766e-06 8.45683e-06 8.57766e-06 8.69002e-06 8.7938e-06 8.88891e-06 8.97524e-06 9.05272e-06 9.12126e-06 9.1808e-06 9.23128e-06 9.27265e-06 9.30487e-06 9.32791e-06 9.34174e-06 9.34635e-06 9.34174e-06 9.32791e-06 9.30487e-06 9.27265e-06 9.23128e-06 9.1808e-06 9.12126e-06 9.05272e-06 8.97524e-06 8.88891e-06 8.7938e-06 8.69002e-06 8.57766e-06 8.45683e-06 8.32766e-06 8.19027e-06 8.0448e-06 7.89139e-06 7.73019e-06 7.56136e-06 7.38507e-06 7.20149e-06 7.0108e-06 6.8132e-06 6.60887e-06 6.39802e-06 6.18085e-06 5.95759e-06 5.72845e-06 5.49365e-06 5.25343e-06 5.00803e-06 4.75768e-06 4.50264e-06 4.24316e-06 3.97948e-06 3.71188e-06 3.44062e-06 3.16596e-06 2.88818e-06 2.60755e-06 2.32434e-06 2.03884e-06 1.75133e-06 1.46209e-06 1.17141e-06 8.7957e-07 5.86862e-07 2.93576e-07 0 
0 3.21812e-07 6.43306e-07 9.64166e-07 1.28407e-06 1.60271e-06 1.91977e-06 2.23494e-06 2.5479e-06 2.85834e-06 3.16596e-06 3.47046e-06 3.77154e-06 4.06889e-06 4.36223e-06 4.65126e-06 4.9357e-06 5.21527e-06 5.48969e-06 5.7587e-06 6.02202e-06 6.2794e-06 6.53058e-06 6.77532e-06 7.01337e-06 7.2445e-06 7.46848e-06 7.68509e-06 7.89412e-06 8.09536e-06 8.2886e-06 8.47367e-06 8.65037e-06 8.81854e-06 8.978e-06 9.12861e-06 9.2702e-06 9.40265e-06 9.52582e-06 9.63958e-06 9.74384e-06 9.83847e-06 9.9234e-06 9.99854e-06 1.00638e-05 1.01191e-05 1.01645e-05 1.01998e-05 1.02251e-05 1.02402e-05 1.02453e-05 1.02402e-05 1.02251e-05 1.01998e-05 1.01645e-05 1.01191e-05 1.00638e-05 9.99854e-06 9.9234e-06 9.83847e-06 9.74384e-06 9.63958e-06 9.52582e-06 9.40265e-06 9.2702e-06 9.12861e-06 8.978e-06 8.81854e-06 8.65037e-06 8.47367e-06 8.2886e-06 8.09536e-06 7.89412e-06 7.68509e-06 7.46848e-06 7.2445e-06 7.01337e-06 6.77532e-06 6.53058e-06 6.2794e-06 6.02202e-06 5.7587e-06 5.48969e-06 5.21527e-06 4.9357e-06 4.65126e-06 4.36223e-06 4.06889e-06 3.77154e-06 3.47046e-06 3.16596e-06 2.85834e-06 2.5479e-06 2.23494e-06 1.91977e-06 1.60271e-06 1.28407e-06 9.64166e-07 6.43306e-07 3.21812e-07 0 
0 3.4973e-07 6.99115e-07 1.04781e-06 1.39547e-06 1.74175e-06 2.08632e-06 2.42883e-06 2.76893e-06 3.10631e-06 3.44062e-06 3.77154e-06 4.09873e-06 4.42188e-06 4.74066e-06 5.05477e-06 5.36389e-06 5.66771e-06 5.96594e-06 6.25829e-06 6.54445e-06 6.82416e-06 7.09713e-06 7.3631e-06 7.62181e-06 7.87299e-06 8.1164e-06 8.3518e-06 8.57896e-06 8.79765e-06 9.00767e-06 9.20879e-06 9.40082e-06 9.58358e-06 9.75687e-06 9.92054e-06 1.00744e-05 1.02184e-05 1.03522e-05 1.04758e-05 1.05891e-05 1.0692e-05 1.07843e-05 1.08659e-05 1.09369e-05 1.0997e-05 1.10463e-05 1.10847e-05 1.11121e-05 1.11286e-05 1.11341e-05 1.11286e-05 1.11121e-05 1.10847e-05 1.10463e-05 1.0997e-05 1.09369e-05 1.08659e-05 1.07843e-05 1.0692e-05 1.05891e-05 1.04758e-05 1.03522e-05 1.02184e-05 1.00744e-05 9.92054e-06 9.75687e-06 9.58358e-06 9.40082e-06 9.20879e-06 9.00767e-06 8.79765e-06 8.57896e-06 8.3518e-06 8.1164e-06 7.87299e-06 7.62181e-06 7.3631e-06 7.09713e-06 6.82416e-06 6.54445e-06 6.25829e-06 5.96594e-06 5.66771e-06 5.36389e-06 5.05477e-06 4.74066e-06 4.42188e-06 4.09873e-06 3.77154e-06 3.44062e-06 3.10631e-06 2.76893e-06 2.42883e-06 2.08632e-06 1.74175e-06 1.39547e-06 1.04781e-06 6.99115e-07 3.4973e-07 0 
0 3.77303e-07 7.54234e-07 1.13042e-06 1.50549e-06 1.87908e-06 2.25081e-06 2.62032e-06 2.98724e-06 3.35122e-06 3.71188e-06 4.06889e-06 4.42188e-06 4.7705e-06 5.11442e-06 5.45329e-06 5.78678e-06 6.11456e-06 6.4363e-06 6.7517e-06 7.06042e-06 7.36218e-06 7.65668e-06 7.94362e-06 8.22272e-06 8.4937e-06 8.75631e-06 9.01027e-06 9.25534e-06 9.49127e-06 9.71784e-06 9.93482e-06 1.0142e-05 1.03392e-05 1.05261e-05 1.07027e-05 1.08687e-05 1.1024e-05 1.11684e-05 1.13018e-05 1.1424e-05 1.1535e-05 1.16345e-05 1.17226e-05 1.17991e-05 1.1864e-05 1.19172e-05 1.19586e-05 1.19882e-05 1.2006e-05 1.20119e-05 1.2006e-05 1.19882e-05 1.19586e-05 1.19172e-05 1.1864e-05 1.17991e-05 1.17226e-05 1.16345e-05 1.1535e-05 1.1424e-05 1.13018e-05 1.11684e-05 1.1024e-05 1.08687e-05 1.07027e-05 1.05261e-05 1.03392e-05 1.0142e-05 9.93482e-06 9.71784e-06 9.49127e-06 9.25534e-06 9.01027e-06 8.75631e-06 8.4937e-06 8.22272e-06 7.94362e-06 7.65668e-06 7.36218e-06 7.06042e-06 6.7517e-06 6.4363e-06 6.11456e-06 5.78678e-06 5.45329e-06 5.11442e-06 4.7705e-06 4.42188e-06 4.06889e-06 3.71188e-06 3.35122e-06 2.98724e-06 2.62032e-06 2.25081e-06 1.87908e-06 1.50549e-06 1.13042e-06 7.54234e-07 3.77303e-07 0 
0 4.04504e-07 8.08609e-07 1.21192e-06 1.61403e-06 2.01454e-06 2.41307e-06 2.80922e-06 3.2026e-06 3.59281e-06 3.97948e-06 4.36223e-06 4.74066e-06 5.11442e-06 5.48313e-06 5.84643e-06 6.20397e-06 6.55537e-06 6.90031e-06 7.23844e-06 7.56943e-06 7.89294e-06 8.20867e-06 8.51629e-06 8.81551e-06 9.10604e-06 9.38757e-06 9.65984e-06 9.92258e-06 1.01755e-05 1.04184e-05 1.0651e-05 1.08732e-05 1.10845e-05 1.1285e-05 1.14743e-05 1.16523e-05 1.18187e-05 1.19735e-05 1.21165e-05 1.22476e-05 1.23665e-05 1.24733e-05 1.25677e-05 1.26498e-05 1.27193e-05 1.27763e-05 1.28207e-05 1.28525e-05 1.28715e-05 1.28779e-05 1.28715e-05 1.28525e-05 1.28207e-05 1.27763e-05 1.27193e-05 1.26498e-05 1.25677e-05 1.24733e-05 1.23665e-05 1.22476e-05 1.21165e-05 1.19735e-05 1.18187e-05 1.16523e-05 1.14743e-05 1.1285e-05 1.10845e-05 1.08732e-05 1.0651e-05 1.04184e-05 1.01755e-05 9.92258e-06 9.65984e-06 9.38757e-06 9.10604e-06 8.81551e-06 8.51629e-06 8.20867e-06 7.89294e-06 7.56943e-06 7.23844e-06 6.90031e-06 6.55537e-06 6.20397e-06 5.84643e-06 5.48313e-06 5.11442e-06 4.74066e-06 4.36223e-06 3.97948e-06 3.59281e-06 3.2026e-06 2.80922e-06 2.41307e-06 2.01454e-06 1.61403e-06 1.21192e-06 8.08609e-07 4.04504e-07 0 
0 4.31306e-07 8.62185e-07 1.29221e-06 1.72097e-06 2.14802e-06 2.57296e-06 2.99536e-06 3.4148e-06 3.83087e-06 4.24316e-06 4.65126e-06 5.05477e-06 5.45329e-06 5.84643e-06 6.23381e-06 6.61503e-06 6.98972e-06 7.35751e-06 7.71805e-06 8.07096e-06 8.41591e-06 8.75256e-06 9.08057e-06 9.39961e-06 9.70938e-06 1.00096e-05 1.02999e-05 1.058e-05 1.08497e-05 1.11087e-05 1.13568e-05 1.15936e-05 1.1819e-05 1.20327e-05 1.22345e-05 1.24243e-05 1.26018e-05 1.27669e-05 1.29194e-05 1.30591e-05 1.31859e-05 1.32998e-05 1.34004e-05 1.34879e-05 1.35621e-05 1.36229e-05 1.36702e-05 1.3704e-05 1.37244e-05 1.37311e-05 1.37244e-05 1.3704e-05 1.36702e-05 1.36229e-05 1.35621e-05 1.34879e-05 1.34004e-05 1.32998e-05 1.31859e-05 1.30591e-05 1.29194e-05 1.27669e-05 1.26018e-05 1.24243e-05 1.22345e-05 1.20327e-05 1.1819e-05 1.15936e-05 1.13568e-05 1.11087e-05 1.08497e-05 1.058e-05 1.02999e-05 1.00096e-05 9.70938e-06 9.39961e-06 9.08057e-06 8.75256e-06 8.41591e-06 8.07096e-06 7.71805e-06 7.35751e-06 6.98972e-06 6.61503e-06 6.23381e-06 5.84643e-06 5.45329e-06 5.05477e-06 4.65126e-06 4.24316e-06 3.83087e-06 3.4148e-06 2.99536e-06 2.57296e-06 2.14802e-06 1.72097e-06 1.29221e-06 8.62185e-07 4.31306e-07 0 
0 4.57681e-07 9.14911e-07 1.37124e-06 1.82621e-06 2.27938e-06 2.7303e-06 3.17853e-06 3.62362e-06 4.06514e-06 4.50264e-06 4.9357e-06 5.36389e-06 5.78678e-06 6.20397e-06 6.61503e-06 7.01956e-06 7.41717e-06 7.80745e-06 8.19003e-06 8.56453e-06 8.93058e-06 9.28781e-06 9.63588e-06 9.97443e-06 1.03031e-05 1.06217e-05 1.09298e-05 1.1227e-05 1.15132e-05 1.17881e-05 1.20513e-05 1.23026e-05 1.25417e-05 1.27685e-05 1.29827e-05 1.31841e-05 1.33725e-05 1.35476e-05 1.37094e-05 1.38577e-05 1.39923e-05 1.41131e-05 1.42199e-05 1.43128e-05 1.43915e-05 1.4456e-05 1.45062e-05 1.45421e-05 1.45637e-05 1.45708e-05 1.45637e-05 1.45421e-05 1.45062e-05 1.4456e-05 1.43915e-05 1.43128e-05 1.42199e-05 1.41131e-05 1.39923e-05 1.38577e-05 1.37094e-05 1.35476e-05 1.33725e-05 1.31841e-05 1.29827e-05 1.27685e-05 1.25417e-05 1.23026e-05 1.20513e-05 1.17881e-05 1.15132e-05 1.1227e-05 1.09298e-05 1.06217e-05 1.03031e-05 9.97443e-06 9.63588e-06 9.28781e-06 8.93058e-06 8.56453e-06 8.19003e-06 7.80745e-06 7.41717e-06 7.01956e-06 6.61503e-06 6.20397e-06 5.78678e-06 5.36389e-06 4.9357e-06 4.50264e-06 4.06514e-06 3.62362e-06 3.17853e-06 2.7303e-06 2.27938e-06 1.82621e-06 1.37124e-06 9.14911e-07 4.57681e-07 0 
0 4.83606e-07 9.66734e-07 1.44891e-06 1.92965e-06 2.40849e-06 2.88496e-06 3.35857e-06 3.82887e-06 4.2954e-06 4.75768e-06 5.21527e-06 5.66771e-06 6.11456e-06 6.55537e-06 6.98972e-06 7.41717e-06 7.83729e-06 8.24968e-06 8.65394e-06 9.04965e-06 9.43643e-06 9.81389e-06 1.01817e-05 1.05394e-05 1.08867e-05 1.12233e-05 1.15488e-05 1.1863e-05 1.21654e-05 1.24558e-05 1.27339e-05 1.29994e-05 1.32521e-05 1.34918e-05 1.37181e-05 1.39309e-05 1.41299e-05 1.4315e-05 1.4486e-05 1.46426e-05 1.47849e-05 1.49125e-05 1.50254e-05 1.51235e-05 1.52066e-05 1.52748e-05 1.53278e-05 1.53658e-05 1.53886e-05 1.53962e-05 1.53886e-05 1.53658e-05 1.53278e-05 1.52748e-05 1.52066e-05 1.51235e-05 1.50254e-05 1.49125e-05 1.47849e-05 1.46426e-05 1.4486e-05 1.4315e-05 1.41299e-05 1.39309e-05 1.37181e-05 1.34918e-05 1.32521e-05 1.29994e-05 1.27339e-05 1.24558e-05 1.21654e-05 1.1863e-05 1.15488e-05 1.12233e-05 1.08867e-05 1.05394e-05 1.01817e-05 9.81389e-06 9.43643e-06 9.04965e-06 8.65394e-06 8.24968e-06 7.83729e-06 7.41717e-06 6.98972e-06 6.55537e-06 6.11456e-06 5.66771e-06 5.21527e-06 4.75768e-06 4.2954e-06 3.82887e-06 3.35857e-06 2.88496e-06 2.40849e-06 1.92965e-06 1.44891e-06 9.66734e-07 4.83606e-07 0 
0 5.09053e-07 1.0176e-06 1.52515e-06 2.03119e-06 2.53523e-06 3.03676e-06 3.5353e-06 4.03035e-06 4.52142e-06 5.00803e-06 5.48969e-06 5.96594e-06 6.4363e-06 6.90031e-06 7.35751e-06 7.80745e-06 8.24968e-06 8.68378e-06 9.1093e-06 9.52583e-06 9.93296e-06 1.03303e-05 1.07174e-05 1.1094e-05 1.14596e-05 1.18139e-05 1.21565e-05 1.24872e-05 1.28055e-05 1.31112e-05 1.34039e-05 1.36834e-05 1.39495e-05 1.42017e-05 1.44399e-05 1.46639e-05 1.48734e-05 1.50682e-05 1.52482e-05 1.54131e-05 1.55628e-05 1.56972e-05 1.5816e-05 1.59193e-05 1.60068e-05 1.60785e-05 1.61344e-05 1.61743e-05 1.61983e-05 1.62063e-05 1.61983e-05 1.61743e-05 1.61344e-05 1.60785e-05 1.60068e-05 1.59193e-05 1.5816e-05 1.56972e-05 1.55628e-05 1.54131e-05 1.52482e-05 1.50682e-05 1.48734e-05 1.46639e-05 1.44399e-05 1.42017e-05 1.39495e-05 1.36834e-05 1.34039e-05 1.31112e-05 1.28055e-05 1.24872e-05 1.21565e-05 1.18139e-05 1.14596e-05 1.1094e-05 1.07174e-05 1.03303e-05 9.93296e-06 9.52583e-06 9.1093e-06 8.68378e-06 8.24968e-06 7.80745e-06 7.35751e-06 6.90031e-06 6.4363e-06 5.96594e-06 5.48969e-06 5.00803e-06 4.52142e-06 4.03035e-06 3.5353e-06 3.03676e-06 2.53523e-06 2.03119e-06 1.52515e-06 1.0176e-06 5.09053e-07 0 
0 5.33997e-07 1.06747e-06 1.59988e-06 2.13072e-06 2.65946e-06 3.18557e-06 3.70853e-06 4.22784e-06 4.74298e-06 5.25343e-06 5.7587e-06 6.25829e-06 6.7517e-06 7.23844e-06 7.71805e-06 8.19003e-06 8.65394e-06 9.1093e-06 9.55567e-06 9.99262e-06 1.04197e-05 1.08365e-05 1.12426e-05 1.16376e-05 1.20211e-05 1.23928e-05 1.27522e-05 1.30991e-05 1.3433e-05 1.37537e-05 1.40607e-05 1.4354e-05 1.4633e-05 1.48976e-05 1.51475e-05 1.53825e-05 1.56022e-05 1.58066e-05 1.59954e-05 1.61684e-05 1.63254e-05 1.64664e-05 1.6591e-05 1.66993e-05 1.67912e-05 1.68664e-05 1.6925e-05 1.69669e-05 1.69921e-05 1.70005e-05 1.69921e-05 1.69669e-05 1.6925e-05 1.68664e-05 1.67912e-05 1.66993e-05 1.6591e-05 1.64664e-05 1.63254e-05 1.61684e-05 1.59954e-05 1.58066e-05 1.56022e-05 1.53825e-05 1.51475e-05 1.48976e-05 1.4633e-05 1.4354e-05 1.40607e-05 1.37537e-05 1.3433e-05 1.30991e-05 1.27522e-05 1.23928e-05 1.20211e-05 1.16376e-05 1.12426e-05 1.08365e-05 1.04197e-05 9.99262e-06 9.55567e-06 9.1093e-06 8.65394e-06 8.19003e-06 7.71805e-06 7.23844e-06 6.7517e-06 6.25829e-06 5.7587e-06 5.25343e-06 4.74298e-06 4.22784e-06 3.70853e-06 3.18557e-06 2.65946e-06 2.13072e-06 1.59988e-06 1.06747e-06 5.33997e-07 0 
0 5.58415e-07 1.11628e-06 1.67304e-06 2.22815e-06 2.78106e-06 3.33123e-06 3.87811e-06 4.42116e-06 4.95985e-06 5.49365e-06 6.02202e-06 6.54445e-06 7.06042e-06 7.56943e-06 8.07096e-06 8.56453e-06 9.04965e-06 9.52583e-06 9.99262e-06 1.04495e-05 1.08962e-05 1.1332e-05 1.17567e-05 1.21698e-05 1.25708e-05 1.29595e-05 1.33353e-05 1.3698e-05 1.40472e-05 1.43826e-05 1.47037e-05 1.50103e-05 1.53021e-05 1.55788e-05 1.58402e-05 1.60859e-05 1.63157e-05 1.65294e-05 1.67268e-05 1.69077e-05 1.70719e-05 1.72193e-05 1.73497e-05 1.74629e-05 1.75589e-05 1.76376e-05 1.76989e-05 1.77427e-05 1.7769e-05 1.77778e-05 1.7769e-05 1.77427e-05 1.76989e-05 1.76376e-05 1.75589e-05 1.74629e-05 1.73497e-05 1.72193e-05 1.70719e-05 1.69077e-05 1.67268e-05 1.65294e-05 1.63157e-05 1.60859e-05 1.58402e-05 1.55788e-05 1.53021e-05 1.50103e-05 1.47037e-05 1.43826e-05 1.40472e-05 1.3698e-05 1.33353e-05 1.29595e-05 1.25708e-05 1.21698e-05 1.17567e-05 1.1332e-05 1.08962e-05 1.04495e-05 9.99262e-06 9.52583e-06 9.04965e-06 8.56453e-06 8.07096e-06 7.56943e-06 7.06042e-06 6.54445e-06 6.02202e-06 5.49365e-06 4.95985e-06 4.42116e-06 3.87811e-06 3.33123e-06 2.78106e-06 2.22815e-06 1.67304e-06 1.11628e-06 5.58415e-07 0 
0 5.82281e-07 1.16399e-06 1.74455e-06 2.32338e-06 2.89993e-06 3.47361e-06 4.04386e-06 4.61012e-06 5.17184e-06 5.72845e-06 6.2794e-06 6.82416e-06 7.36218e-06 7.89294e-06 8.41591e-06 8.93058e-06 9.43643e-06 9.93296e-06 1.04197e-05 1.08962e-05 1.13619e-05 1.18163e-05 1.22592e-05 1.26899e-05 1.31081e-05 1.35134e-05 1.39053e-05 1.42835e-05 1.46476e-05 1.49973e-05 1.53321e-05 1.56518e-05 1.59561e-05 1.62447e-05 1.65172e-05 1.67734e-05 1.7013e-05 1.72359e-05 1.74417e-05 1.76303e-05 1.78016e-05 1.79552e-05 1.80912e-05 1.82093e-05 1.83094e-05 1.83915e-05 1.84554e-05 1.85011e-05 1.85285e-05 1.85376e-05 1.85285e-05 1.85011e-05 1.84554e-05 1.83915e-05 1.83094e-05 1.82093e-05 1.80912e-05 1.79552e-05 1.78016e-05 1.76303e-05 1.74417e-05 1.72359e-05 1.7013e-05 1.67734e-05 1.65172e-05 1.62447e-05 1.59561e-05 1.56518e-05 1.53321e-05 1.49973e-05 1.46476e-05 1.42835e-05 1.39053e-05 1.35134e-05 1.31081e-05 1.26899e-05 1.22592e-05 1.18163e-05 1.13619e-05 1.08962e-05 1.04197e-05 9.93296e-06 9.43643e-06 8.93058e-06 8.41591e-06 7.89294e-06 7.36218e-06 6.82416e-06 6.2794e-06 5.72845e-06 5.17184e-06 4.61012e-06 4.04386e-06 3.47361e-06 2.89993e-06 2.32338e-06 1.74455e-06 1.16399e-06 5.82281e-07 0 
0 6.05573e-07 1.21055e-06 1.81433e-06 2.41632e-06 3.01593e-06 3.61256e-06 4.20562e-06 4.79453e-06 5.37872e-06 5.95759e-06 6.53058e-06 7.09713e-06 7.65668e-06 8.20867e-06 8.75256e-06 9.28781e-06 9.81389e-06 1.03303e-05 1.08365e-05 1.1332e-05 1.18163e-05 1.2289e-05 1.27495e-05 1.31975e-05 1.36324e-05 1.40539e-05 1.44615e-05 1.48549e-05 1.52335e-05 1.55972e-05 1.59454e-05 1.62779e-05 1.65944e-05 1.68945e-05 1.71779e-05 1.74443e-05 1.76935e-05 1.79253e-05 1.81394e-05 1.83356e-05 1.85137e-05 1.86735e-05 1.88149e-05 1.89377e-05 1.90418e-05 1.91271e-05 1.91936e-05 1.92411e-05 1.92697e-05 1.92792e-05 1.92697e-05 1.92411e-05 1.91936e-05 1.91271e-05 1.90418e-05 1.89377e-05 1.88149e-05 1.86735e-05 1.85137e-05 1.83356e-05 1.81394e-05 1.79253e-05 1.76935e-05 1.74443e-05 1.71779e-05 1.68945e-05 1.65944e-05 1.62779e-05 1.59454e-05 1.55972e-05 1.52335e-05 1.48549e-05 1.44615e-05 1.40539e-05 1.36324e-05 1.31975e-05 1.27495e-05 1.2289e-05 1.18163e-05 1.1332e-05 1.08365e-05 1.03303e-05 9.81389e-06 9.28781e-06 8.75256e-06 8.20867e-06 7.65668e-06 7.09713e-06 6.53058e-06 5.95759e-06 5.37872e-06 4.79453e-06 4.20562e-06 3.61256e-06 3.01593e-06 2.41632e-06 1.81433e-06 1.21055e-06 6.05573e-07 0 
0 6.28267e-07 1.25591e-06 1.88232e-06 2.50687e-06 3.12895e-06 3.74794e-06 4.36323e-06 4.97421e-06 5.58029e-06 6.18085e-06 6.77532e-06 7.3631e-06 7.94362e-06 8.51629e-06 9.08057e-06 9.63588e-06 1.01817e-05 1.07174e-05 1.12426e-05 1.17567e-05 1.22592e-05 1.27495e-05 1.32273e-05 1.36921e-05 1.41433e-05 1.45806e-05 1.50035e-05 1.54115e-05 1.58044e-05 1.61817e-05 1.6543e-05 1.6888e-05 1.72163e-05 1.75276e-05 1.78216e-05 1.8098e-05 1.83566e-05 1.85971e-05 1.88192e-05 1.90227e-05 1.92075e-05 1.93733e-05 1.952e-05 1.96474e-05 1.97554e-05 1.98439e-05 1.99129e-05 1.99622e-05 1.99918e-05 2.00017e-05 1.99918e-05 1.99622e-05 1.99129e-05 1.98439e-05 1.97554e-05 1.96474e-05 1.952e-05 1.93733e-05 1.92075e-05 1.90227e-05 1.88192e-05 1.85971e-05 1.83566e-05 1.8098e-05 1.78216e-05 1.75276e-05 1.72163e-05 1.6888e-05 1.6543e-05 1.61817e-05 1.58044e-05 1.54115e-05 1.50035e-05 1.45806e-05 1.41433e-05 1.36921e-05 1.32273e-05 1.27495e-05 1.22592e-05 1.17567e-05 1.12426e-05 1.07174e-05 1.01817e-05 9.63588e-06 9.08057e-06 8.51629e-06 7.94362e-06 7.3631e-06 6.77532e-06 6.18085e-06 5.58029e-06 4.97421e-06 4.36323e-06 3.74794e-06 3.12895e-06 2.50687e-06 1.88232e-06 1.25591e-06 6.28267e-07 0 
0 6.50342e-07 1.30004e-06 1.94846e-06 2.59495e-06 3.23889e-06 3.87962e-06 4.51653e-06 5.14898e-06 5.77635e-06 6.39802e-06 7.01337e-06 7.62181e-06 8.22272e-06 8.81551e-06 9.39961e-06 9.97443e-06 1.05394e-05 1.1094e-05 1.16376e-05 1.21698e-05 1.26899e-05 1.31975e-05 1.36921e-05 1.41732e-05 1.46402e-05 1.50929e-05 1.55306e-05 1.5953e-05 1.63597e-05 1.67502e-05 1.71242e-05 1.74813e-05 1.78212e-05 1.81434e-05 1.84478e-05 1.87339e-05 1.90016e-05 1.92505e-05 1.94804e-05 1.96911e-05 1.98823e-05 2.0054e-05 2.02058e-05 2.03377e-05 2.04495e-05 2.05412e-05 2.06125e-05 2.06636e-05 2.06942e-05 2.07044e-05 2.06942e-05 2.06636e-05 2.06125e-05 2.05412e-05 2.04495e-05 2.03377e-05 2.02058e-05 2.0054e-05 1.98823e-05 1.96911e-05 1.94804e-05 1.92505e-05 1.90016e-05 1.87339e-05 1.84478e-05 1.81434e-05 1.78212e-05 1.74813e-05 1.71242e-05 1.67502e-05 1.63597e-05 1.5953e-05 1.55306e-05 1.50929e-05 1.46402e-05 1.41732e-05 1.36921e-05 1.31975e-05 1.26899e-05 1.21698e-05 1.16376e-05 1.1094e-05 1.05394e-05 9.97443e-06 9.39961e-06 8.81551e-06 8.22272e-06 7.62181e-06 7.01337e-06 6.39802e-06 5.77635e-06 5.14898e-06 4.51653e-06 3.87962e-06 3.23889e-06 2.59495e-06 1.94846e-06 1.30004e-06 6.50342e-07 0 
0 6.71774e-07 1.34289e-06 2.01267e-06 2.68047e-06 3.34562e-06 4.00748e-06 4.66538e-06 5.31867e-06 5.96671e-06 6.60887e-06 7.2445e-06 7.87299e-06 8.4937e-06 9.10604e-06 9.70938e-06 1.03031e-05 1.08867e-05 1.14596e-05 1.20211e-05 1.25708e-05 1.31081e-05 1.36324e-05 1.41433e-05 1.46402e-05 1.51227e-05 1.55903e-05 1.60424e-05 1.64788e-05 1.68988e-05 1.73022e-05 1.76886e-05 1.80574e-05 1.84085e-05 1.87414e-05 1.90557e-05 1.93513e-05 1.96278e-05 1.98849e-05 2.01224e-05 2.034e-05 2.05376e-05 2.07148e-05 2.08717e-05 2.10079e-05 2.11234e-05 2.12181e-05 2.12918e-05 2.13445e-05 2.13762e-05 2.13868e-05 2.13762e-05 2.13445e-05 2.12918e-05 2.12181e-05 2.11234e-05 2.10079e-05 2.08717e-05 2.07148e-05 2.05376e-05 2.034e-05 2.01224e-05 1.98849e-05 1.96278e-05 1.93513e-05 1.90557e-05 1.87414e-05 1.84085e-05 1.80574e-05 1.76886e-05 1.73022e-05 1.68988e-05 1.64788e-05 1.60424e-05 1.55903e-05 1.51227e-05 1.46402e-05 1.41433e-05 1.36324e-05 1.31081e-05 1.25708e-05 1.20211e-05 1.14596e-05 1.08867e-05 1.03031e-05 9.70938e-06 9.10604e-06 8.4937e-06 7.87299e-06 7.2445e-06 6.60887e-06 5.96671e-06 5.31867e-06 4.66538e-06 4.00748e-06 3.34562e-06 2.68047e-06 2.01267e-06 1.34289e-06 6.71774e-07 0 
0 6.92544e-07 1.3844e-06 2.0749e-06 2.76334e-06 3.44906e-06 4.13138e-06 4.80962e-06 5.48311e-06 6.15119e-06 6.8132e-06 7.46848e-06 8.1164e-06 8.75631e-06 9.38757e-06 1.00096e-05 1.06217e-05 1.12233e-05 1.18139e-05 1.23928e-05 1.29595e-05 1.35134e-05 1.40539e-05 1.45806e-05 1.50929e-05 1.55903e-05 1.60723e-05 1.65384e-05 1.69883e-05 1.74213e-05 1.78372e-05 1.82354e-05 1.86157e-05 1.89776e-05 1.93208e-05 1.96449e-05 1.99496e-05 2.02346e-05 2.04997e-05 2.07445e-05 2.09689e-05 2.11725e-05 2.13553e-05 2.1517e-05 2.16574e-05 2.17765e-05 2.18741e-05 2.19501e-05 2.20045e-05 2.20371e-05 2.2048e-05 2.20371e-05 2.20045e-05 2.19501e-05 2.18741e-05 2.17765e-05 2.16574e-05 2.1517e-05 2.13553e-05 2.11725e-05 2.09689e-05 2.07445e-05 2.04997e-05 2.02346e-05 1.99496e-05 1.96449e-05 1.93208e-05 1.89776e-05 1.86157e-05 1.82354e-05 1.78372e-05 1.74213e-05 1.69883e-05 1.65384e-05 1.60723e-05 1.55903e-05 1.50929e-05 1.45806e-05 1.40539e-05 1.35134e-05 1.29595e-05 1.23928e-05 1.18139e-05 1.12233e-05 1.06217e-05 1.00096e-05 9.38757e-06 8.75631e-06 8.1164e-06 7.46848e-06 6.8132e-06 6.15119e-06 5.48311e-06 4.80962e-06 4.13138e-06 3.44906e-06 2.76334e-06 2.0749e-06 1.3844e-06 6.92544e-07 0 
0 7.1263e-07 1.42456e-06 2.13508e-06 2.84349e-06 3.5491e-06 4.2512e-06 4.94911e-06 5.64214e-06 6.32959e-06 7.0108e-06 7.68509e-06 8.3518e-06 9.01027e-06 9.65984e-06 1.02999e-05 1.09298e-05 1.15488e-05 1.21565e-05 1.27522e-05 1.33353e-05 1.39053e-05 1.44615e-05 1.50035e-05 1.55306e-05 1.60424e-05 1.65384e-05 1.70181e-05 1.7481e-05 1.79266e-05 1.83545e-05 1.87643e-05 1.91556e-05 1.9528e-05 1.98812e-05 2.02147e-05 2.05282e-05 2.08215e-05 2.10942e-05 2.13462e-05 2.1577e-05 2.17866e-05 2.19747e-05 2.2141e-05 2.22856e-05 2.24081e-05 2.25085e-05 2.25867e-05 2.26427e-05 2.26762e-05 2.26874e-05 2.26762e-05 2.26427e-05 2.25867e-05 2.25085e-05 2.24081e-05 2.22856e-05 2.2141e-05 2.19747e-05 2.17866e-05 2.1577e-05 2.13462e-05 2.10942e-05 2.08215e-05 2.05282e-05 2.02147e-05 1.98812e-05 1.9528e-05 1.91556e-05 1.87643e-05 1.83545e-05 1.79266e-05 1.7481e-05 1.70181e-05 1.65384e-05 1.60424e-05 1.55306e-05 1.50035e-05 1.44615e-05 1.39053e-05 1.33353e-05 1.27522e-05 1.21565e-05 1.15488e-05 1.09298e-05 1.02999e-05 9.65984e-06 9.01027e-06 8.3518e-06 7.68509e-06 7.0108e-06 6.32959e-06 5.64214e-06 4.94911e-06 4.2512e-06 3.5491e-06 2.84349e-06 2.13508e-06 1.42456e-06 7.1263e-07 0 
0 7.32012e-07 1.4633e-06 2.19315e-06 2.92083e-06 3.64563e-06 4.36683e-06 5.08372e-06 5.7956e-06 6.50175e-06 7.20149e-06 7.89412e-06 8.57896e-06 9.25534e-06 9.92258e-06 1.058e-05 1.1227e-05 1.1863e-05 1.24872e-05 1.30991e-05 1.3698e-05 1.42835e-05 1.48549e-05 1.54115e-05 1.5953e-05 1.64788e-05 1.69883e-05 1.7481e-05 1.79564e-05 1.84142e-05 1.88537e-05 1.92747e-05 1.96766e-05 2.00592e-05 2.04219e-05 2.07645e-05 2.10865e-05 2.13878e-05 2.1668e-05 2.19268e-05 2.21639e-05 2.23792e-05 2.25724e-05 2.27433e-05 2.28917e-05 2.30176e-05 2.31207e-05 2.32011e-05 2.32585e-05 2.3293e-05 2.33045e-05 2.3293e-05 2.32585e-05 2.32011e-05 2.31207e-05 2.30176e-05 2.28917e-05 2.27433e-05 2.25724e-05 2.23792e-05 2.21639e-05 2.19268e-05 2.1668e-05 2.13878e-05 2.10865e-05 2.07645e-05 2.04219e-05 2.00592e-05 1.96766e-05 1.92747e-05 1.88537e-05 1.84142e-05 1.79564e-05 1.7481e-05 1.69883e-05 1.64788e-05 1.5953e-05 1.54115e-05 1.48549e-05 1.42835e-05 1.3698e-05 1.30991e-05 1.24872e-05 1.1863e-05 1.1227e-05 1.058e-05 9.92258e-06 9.25534e-06 8.57896e-06 7.89412e-06 7.20149e-06 6.50175e-06 5.7956e-06 5.08372e-06 4.36683e-06 3.64563e-06 2.92083e-06 2.19315e-06 1.4633e-06 7.32012e-07 0 
0 7.50673e-07 1.5006e-06 2.24906e-06 2.99529e-06 3.73856e-06 4.47815e-06 5.21331e-06 5.94334e-06 6.66749e-06 7.38507e-06 8.09536e-06 8.79765e-06 9.49127e-06 1.01755e-05 1.08497e-05 1.15132e-05 1.21654e-05 1.28055e-05 1.3433e-05 1.40472e-05 1.46476e-05 1.52335e-05 1.58044e-05 1.63597e-05 1.68988e-05 1.74213e-05 1.79266e-05 1.84142e-05 1.88836e-05 1.93344e-05 1.97661e-05 2.01782e-05 2.05705e-05 2.09425e-05 2.12938e-05 2.16241e-05 2.1933e-05 2.22203e-05 2.24857e-05 2.27289e-05 2.29497e-05 2.31478e-05 2.3323e-05 2.34753e-05 2.36043e-05 2.37101e-05 2.37925e-05 2.38514e-05 2.38868e-05 2.38986e-05 2.38868e-05 2.38514e-05 2.37925e-05 2.37101e-05 2.36043e-05 2.34753e-05 2.3323e-05 2.31478e-05 2.29497e-05 2.27289e-05 2.24857e-05 2.22203e-05 2.1933e-05 2.16241e-05 2.12938e-05 2.09425e-05 2.05705e-05 2.01782e-05 1.97661e-05 1.93344e-05 1.88836e-05 1.84142e-05 1.79266e-05 1.74213e-05 1.68988e-05 1.63597e-05 1.58044e-05 1.52335e-05 1.46476e-05 1.40472e-05 1.3433e-05 1.28055e-05 1.21654e-05 1.15132e-05 1.08497e-05 1.01755e-05 9.49127e-06 8.79765e-06 8.09536e-06 7.38507e-06 6.66749e-06 5.94334e-06 5.21331e-06 4.47815e-06 3.73856e-06 2.99529e-06 2.24906e-06 1.5006e-06 7.50673e-07 0 
0 7.68592e-07 1.53643e-06 2.30274e-06 3.06679e-06 3.82781e-06 4.58505e-06 5.33776e-06 6.08521e-06 6.82665e-06 7.56136e-06 8.2886e-06 9.00767e-06 9.71784e-06 1.04184e-05 1.11087e-05 1.17881e-05 1.24558e-05 1.31112e-05 1.37537e-05 1.43826e-05 1.49973e-05 1.55972e-05 1.61817e-05 1.67502e-05 1.73022e-05 1.78372e-05 1.83545e-05 1.88537e-05 1.93344e-05 1.97959e-05 2.02379e-05 2.06599e-05 2.10616e-05 2.14424e-05 2.18021e-05 2.21403e-05 2.24566e-05 2.27508e-05 2.30225e-05 2.32715e-05 2.34975e-05 2.37003e-05 2.38798e-05 2.40357e-05 2.41678e-05 2.42761e-05 2.43605e-05 2.44208e-05 2.4457e-05 2.44691e-05 2.4457e-05 2.44208e-05 2.43605e-05 2.42761e-05 2.41678e-05 2.40357e-05 2.38798e-05 2.37003e-05 2.34975e-05 2.32715e-05 2.30225e-05 2.27508e-05 2.24566e-05 2.21403e-05 2.18021e-05 2.14424e-05 2.10616e-05 2.06599e-05 2.02379e-05 1.97959e-05 1.93344e-05 1.88537e-05 1.83545e-05 1.78372e-05 1.73022e-05 1.67502e-05 1.61817e-05 1.55972e-05 1.49973e-05 1.43826e-05 1.37537e-05 1.31112e-05 1.24558e-05 1.17881e-05 1.11087e-05 1.04184e-05 9.71784e-06 9.00767e-06 8.2886e-06 7.56136e-06 6.82665e-06 6.08521e-06 5.33776e-06 4.58505e-06 3.82781e-06 3.06679e-06 2.30274e-06 1.53643e-06 7.68592e-07 0 
0 7.85753e-07 1.57073e-06 2.35416e-06 3.13526e-06 3.91327e-06 4.68742e-06 5.45694e-06 6.22108e-06 6.97908e-06 7.73019e-06 8.47367e-06 9.20879e-06 9.93482e-06 1.0651e-05 1.13568e-05 1.20513e-05 1.27339e-05 1.34039e-05 1.40607e-05 1.47037e-05 1.53321e-05 1.59454e-05 1.6543e-05 1.71242e-05 1.76886e-05 1.82354e-05 1.87643e-05 1.92747e-05 1.97661e-05 2.02379e-05 2.06898e-05 2.11212e-05 2.15318e-05 2.19212e-05 2.22889e-05 2.26346e-05 2.2958e-05 2.32587e-05 2.35365e-05 2.37911e-05 2.40221e-05 2.42295e-05 2.4413e-05 2.45723e-05 2.47074e-05 2.48182e-05 2.49044e-05 2.4966e-05 2.50031e-05 2.50154e-05 2.50031e-05 2.4966e-05 2.49044e-05 2.48182e-05 2.47074e-05 2.45723e-05 2.4413e-05 2.42295e-05 2.40221e-05 2.37911e-05 2.35365e-05 2.32587e-05 2.2958e-05 2.26346e-05 2.22889e-05 2.19212e-05 2.15318e-05 2.11212e-05 2.06898e-05 2.02379e-05 1.97661e-05 1.92747e-05 1.87643e-05 1.82354e-05 1.76886e-05 1.71242e-05 1.6543e-05 1.59454e-05 1.53321e-05 1.47037e-05 1.40607e-05 1.34039e-05 1.27339e-05 1.20513e-05 1.13568e-05 1.0651e-05 9.93482e-06 9.20879e-06 8.47367e-06 7.73019e-06 6.97908e-06 6.22108e-06 5.45694e-06 4.68742e-06 3.91327e-06 3.13526e-06 2.35416e-06 1.57073e-06 7.85753e-07 0 
0 8.02139e-07 1.60349e-06 2.40325e-06 3.20064e-06 3.99488e-06 4.78517e-06 5.57074e-06 6.35081e-06 7.12461e-06 7.89139e-06 8.65037e-06 9.40082e-06 1.0142e-05 1.08732e-05 1.15936e-05 1.23026e-05 1.29994e-05 1.36834e-05 1.4354e-05 1.50103e-05 1.56518e-05 1.62779e-05 1.6888e-05 1.74813e-05 1.80574e-05 1.86157e-05 1.91556e-05 1.96766e-05 2.01782e-05 2.06599e-05 2.11212e-05 2.15617e-05 2.19808e-05 2.23783e-05 2.27537e-05 2.31066e-05 2.34368e-05 2.37438e-05 2.40273e-05 2.42872e-05 2.45231e-05 2.47348e-05 2.4922e-05 2.50847e-05 2.52227e-05 2.53357e-05 2.54237e-05 2.54867e-05 2.55245e-05 2.55371e-05 2.55245e-05 2.54867e-05 2.54237e-05 2.53357e-05 2.52227e-05 2.50847e-05 2.4922e-05 2.47348e-05 2.45231e-05 2.42872e-05 2.40273e-05 2.37438e-05 2.34368e-05 2.31066e-05 2.27537e-05 2.23783e-05 2.19808e-05 2.15617e-05 2.11212e-05 2.06599e-05 2.01782e-05 1.96766e-05 1.91556e-05 1.86157e-05 1.80574e-05 1.74813e-05 1.6888e-05 1.62779e-05 1.56518e-05 1.50103e-05 1.4354e-05 1.36834e-05 1.29994e-05 1.23026e-05 1.15936e-05 1.08732e-05 1.0142e-05 9.40082e-06 8.65037e-06 7.89139e-06 7.12461e-06 6.35081e-06 5.57074e-06 4.78517e-06 3.99488e-06 3.20064e-06 2.40325e-06 1.60349e-06 8.02139e-07 0 
0 8.17732e-07 1.63466e-06 2.44997e-06 3.26286e-06 4.07254e-06 4.87819e-06 5.67904e-06 6.47427e-06 7.26312e-06 8.0448e-06 8.81854e-06 9.58358e-06 1.03392e-05 1.10845e-05 1.1819e-05 1.25417e-05 1.32521e-05 1.39495e-05 1.4633e-05 1.53021e-05 1.59561e-05 1.65944e-05 1.72163e-05 1.78212e-05 1.84085e-05 1.89776e-05 1.9528e-05 2.00592e-05 2.05705e-05 2.10616e-05 2.15318e-05 2.19808e-05 2.24081e-05 2.28133e-05 2.3196e-05 2.35558e-05 2.38924e-05 2.42054e-05 2.44944e-05 2.47593e-05 2.49998e-05 2.52156e-05 2.54065e-05 2.55724e-05 2.5713e-05 2.58282e-05 2.5918e-05 2.59821e-05 2.60207e-05 2.60335e-05 2.60207e-05 2.59821e-05 2.5918e-05 2.58282e-05 2.5713e-05 2.55724e-05 2.54065e-05 2.52156e-05 2.49998e-05 2.47593e-05 2.44944e-05 2.42054e-05 2.38924e-05 2.35558e-05 2.3196e-05 2.28133e-05 2.24081e-05 2.19808e-05 2.15318e-05 2.10616e-05 2.05705e-05 2.00592e-05 1.9528e-05 1.89776e-05 1.84085e-05 1.78212e-05 1.72163e-05 1.65944e-05 1.59561e-05 1.53021e-05 1.4633e-05 1.39495e-05 1.32521e-05 1.25417e-05 1.1819e-05 1.10845e-05 1.03392e-05 9.58358e-06 8.81854e-06 8.0448e-06 7.26312e-06 6.47427e-06 5.67904e-06 4.87819e-06 4.07254e-06 3.26286e-06 2.44997e-06 1.63466e-06 8.17732e-07 0 
