11 11
0 0 0 0 0 0 0 0 0 0 0 
0 0.086585 0.164694 0.226682 0.266481 0.280195 0.266481 0.226682 0.164694 0.086585 0 
0 0.164694 0.313267 0.431176 0.506877 0.532962 0.506877 0.431176 0.313267 0.164694 0 
0 0.226682 0.431176 0.593462 0.697657 0.73356 0.697657 0.593462 0.431176 0.226682 0 
0 0.266481 0.506877 0.697657 0.820145 0.862351 0.820145 0.697657 0.506877 0.266481 0 
0 0.280195 0.532962 0.73356 0.862351 0.90673 0.862351 0.73356 0.532962 0.280195 0 
0 0.266481 0.506877 0.697657 0.820145 0.862351 0.820145 0.697657 0.506877 0.266481 0 
0 0.226682 0.431176 0.593462 0.697657 0.73356 0.697657 0.593462 0.431176 0.226682 0 
0 0.164694 0.313267 0.431176 0.506877 0.532962 0.506877 0.431176 0.313267 0.164694 0 
0 0.086585 0.164694 0.226682 0.266481 0.280195 0.266481 0.226682 0.164694 0.086585 0 
0 3.78437e-17 7.19829e-17 9.9076e-17 1.16471e-16 1.22465e-16 1.16471e-16 9.9076e-17 7.19829e-17 3.78437e-17 0 
