101 101
0 0 0 0 0 0 0 0 0 0 0 0 0 0 0 0 0 0 0 0 0 0 0 0 0 0 0 0 0 0 0 0 0 0 0 0 0 0 0 0 0 0 0 0 0 0 0 0 0 0 0 0 0 0 0 0 0 0 0 0 0 0 0 0 0 0 0 0 0 0 0 0 0 0 0 0 0 0 0 0 0 0 0 0 0 0 0 0 0 0 0 0 0 0 0 0 0 0 0 0 0 
0 5.10734e-08 1.02096e-07 1.53019e-07 2.0379e-07 2.5436e-07 3.04679e-07 3.54697e-07 4.04366e-07 4.53635e-07 5.02457e-07 5.50782e-07 5.98564e-07 6.45756e-07 6.9231e-07 7.38181e-07 7.83323e-07 8.27693e-07 8.71245e-07 9.13938e-07 9.55729e-07 9.96577e-07 1.03644e-06 1.07528e-06 1.11306e-06 1.14974e-06 1.18529e-06 1.21967e-06 1.25284e-06 1.28478e-06 1.31545e-06 1.34482e-06 1.37286e-06 1.39955e-06 1.42486e-06 1.44876e-06 1.47123e-06 1.49225e-06 1.5118e-06 1.52986e-06 1.5464e-06 1.56142e-06 1.5749e-06 1.58682e-06 1.59718e-06 1.60596e-06 1.61316e-06 1.61877e-06 1.62277e-06 1.62518e-06 1.62598e-06 1.62518e-06 1.62277e-06 1.61877e-06 1.61316e-06 1.60596e-06 1.59718e-06 1.58682e-06 1.5749e-06 1.56142e-06 1.5464e-06 1.52986e-06 1.5118e-06 1.49225e-06 1.47123e-06 1.44876e-06 1.42486e-06 1.39955e-06 1.37286e-06 1.34482e-06 1.31545e-06 1.28478e-06 1.25284e-06 1.21967e-06 1.18529e-06 1.14974e-06 1.11306e-06 1.07528e-06 1.03644e-06 9.96577e-07 9.55729e-07 9.13938e-07 8.71245e-07 8.27693e-07 7.83323e-07 7.38181e-07 6.9231e-07 6.45756e-07 5.98564e-07 5.50782e-07 5.02457e-07 4.53635e-07 4.04366e-07 3.54697e-07 3.04679e-07 2.5436e-07 2.0379e-07 1.53019e-07 1.02096e-07 5.10734e-08 0 
0 1.02096e-07 2.04092e-07 3.05886e-07 4.07378e-07 5.08469e-07 6.09057e-07 7.09045e-07 8.08332e-07 9.06822e-07 1.00442e-06 1.10102e-06 1.19654e-06 1.29087e-06 1.38394e-06 1.47563e-06 1.56587e-06 1.65457e-06 1.74163e-06 1.82697e-06 1.91051e-06 1.99217e-06 2.07186e-06 2.1495e-06 2.22503e-06 2.29835e-06 2.36941e-06 2.43813e-06 2.50445e-06 2.56829e-06 2.6296e-06 2.68831e-06 2.74437e-06 2.79772e-06 2.84831e-06 2.89609e-06 2.94102e-06 2.98303e-06 3.02211e-06 3.0582e-06 3.09128e-06 3.1213e-06 3.14825e-06 3.17208e-06 3.19279e-06 3.21034e-06 3.22473e-06 3.23594e-06 3.24395e-06 3.24876e-06 3.25036e-06 3.24876e-06 3.24395e-06 3.23594e-06 3.22473e-06 3.21034e-06 3.19279e-06 3.17208e-06 3.14825e-06 3.1213e-06 3.09128e-06 3.0582e-06 3.02211e-06 2.98303e-06 2.94102e-06 2.89609e-06 2.84831e-06 2.79772e-06 2.74437e-06 2.68831e-06 2.6296e-06 2.56829e-06 2.50445e-06 2.43813e-06 2.36941e-06 2.29835e-06 2.22503e-06 2.1495e-06 2.07186e-06 1.99217e-06 1.91051e-06 1.82697e-06 1.74163e-06 1.65457e-06 1.56587e-06 1.47563e-06 1.38394e-06 1.29087e-06 1.19654e-06 1.10102e-06 1.00442e-06 9.06822e-07 8.08332e-07 7.09045e-07 6.09057e-07 5.08469e-07 4.07378e-07 3.05886e-07 2.04092e-07 1.02096e-07 0 
0 1.53019e-07 3.05886e-07 4.58452e-07 6.10565e-07 7.62076e-07 9.12834e-07 1.06269e-06 1.2115e-06 1.35911e-06 1.50539e-06 1.65017e-06 1.79333e-06 1.93472e-06 2.0742e-06 2.21163e-06 2.34688e-06 2.47981e-06 2.6103e-06 2.73821e-06 2.86342e-06 2.9858e-06 3.10523e-06 3.2216e-06 3.33479e-06 3.44469e-06 3.55119e-06 3.65419e-06 3.75358e-06 3.84927e-06 3.94115e-06 4.02915e-06 4.11317e-06 4.19313e-06 4.26896e-06 4.34057e-06 4.4079e-06 4.47087e-06 4.52944e-06 4.58353e-06 4.6331e-06 4.6781e-06 4.71849e-06 4.75421e-06 4.78525e-06 4.81156e-06 4.83312e-06 4.84991e-06 4.86192e-06 4.86913e-06 4.87153e-06 4.86913e-06 4.86192e-06 4.84991e-06 4.83312e-06 4.81156e-06 4.78525e-06 4.75421e-06 4.71849e-06 4.6781e-06 4.6331e-06 4.58353e-06 4.52944e-06 4.47087e-06 4.4079e-06 4.34057e-06 4.26896e-06 4.19313e-06 4.11317e-06 4.02915e-06 3.94115e-06 3.84927e-06 3.75358e-06 3.65419e-06 3.55119e-06 3.44469e-06 3.33479e-06 3.2216e-06 3.10523e-06 2.9858e-06 2.86342e-06 2.73821e-06 2.6103e-06 2.47981e-06 2.34688e-06 2.21163e-06 2.0742e-06 1.93472e-06 1.79333e-06 1.65017e-06 1.50539e-06 1.35911e-06 1.2115e-06 1.06269e-06 9.12834e-07 7.62076e-07 6.10565e-07 4.58452e-07 3.05886e-07 1.53019e-07 0 
0 2.0379e-07 4.07378e-07 6.10565e-07 8.13149e-07 1.01493e-06 1.21571e-06 1.41529e-06 1.61347e-06 1.81007e-06 2.00487e-06 2.1977e-06 2.38835e-06 2.57665e-06 2.76241e-06 2.94544e-06 3.12557e-06 3.30261e-06 3.47639e-06 3.64674e-06 3.81349e-06 3.97648e-06 4.13554e-06 4.29052e-06 4.44127e-06 4.58764e-06 4.72947e-06 4.86664e-06 4.99901e-06 5.12644e-06 5.24882e-06 5.36601e-06 5.47791e-06 5.58441e-06 5.68539e-06 5.78076e-06 5.87042e-06 5.9543e-06 6.03229e-06 6.10434e-06 6.17036e-06 6.23029e-06 6.28407e-06 6.33165e-06 6.37298e-06 6.40802e-06 6.43674e-06 6.4591e-06 6.47509e-06 6.4847e-06 6.4879e-06 6.4847e-06 6.47509e-06 6.4591e-06 6.43674e-06 6.40802e-06 6.37298e-06 6.33165e-06 6.28407e-06 6.23029e-06 6.17036e-06 6.10434e-06 6.03229e-06 5.9543e-06 5.87042e-06 5.78076e-06 5.68539e-06 5.58441e-06 5.47791e-06 5.36601e-06 5.24882e-06 5.12644e-06 4.99901e-06 4.86664e-06 4.72947e-06 4.58764e-06 4.44127e-06 4.29052e-06 4.13554e-06 3.97648e-06 3.81349e-06 3.64674e-06 3.47639e-06 3.30261e-06 3.12557e-06 2.94544e-06 2.76241e-06 2.57665e-06 2.38835e-06 2.1977e-06 2.00487e-06 1.81007e-06 1.61347e-06 1.41529e-06 1.21571e-06 1.01493e-06 8.13149e-07 6.10565e-07 4.07378e-07 2.0379e-07 0 
0 2.5436e-07 5.08469e-07 7.62076e-07 1.01493e-06 1.26678e-06 1.51739e-06 1.76649e-06 2.01386e-06 2.25923e-06 2.50238e-06 2.74305e-06 2.98102e-06 3.21605e-06 3.4479e-06 3.67635e-06 3.90117e-06 4.12214e-06 4.33905e-06 4.55167e-06 4.7598e-06 4.96323e-06 5.16177e-06 5.35521e-06 5.54336e-06 5.72605e-06 5.90308e-06 6.07429e-06 6.23951e-06 6.39856e-06 6.5513e-06 6.69758e-06 6.83725e-06 6.97017e-06 7.09621e-06 7.21524e-06 7.32716e-06 7.43185e-06 7.5292e-06 7.61912e-06 7.70152e-06 7.77632e-06 7.84345e-06 7.90283e-06 7.95442e-06 7.99816e-06 8.034e-06 8.06192e-06 8.08188e-06 8.09386e-06 8.09786e-06 8.09386e-06 8.08188e-06 8.06192e-06 8.034e-06 7.99816e-06 7.95442e-06 7.90283e-06 7.84345e-06 7.77632e-06 7.70152e-06 7.61912e-06 7.5292e-06 7.43185e-06 7.32716e-06 7.21524e-06 7.09621e-06 6.97017e-06 6.83725e-06 6.69758e-06 6.5513e-06 6.39856e-06 6.23951e-06 6.07429e-06 5.90308e-06 5.72605e-06 5.54336e-06 5.35521e-06 5.16177e-06 4.96323e-06 4.7598e-06 4.55167e-06 4.33905e-06 4.12214e-06 3.90117e-06 3.67635e-06 3.4479e-06 3.21605e-06 2.98102e-06 2.74305e-06 2.50238e-06 2.25923e-06 2.01386e-06 1.76649e-06 1.51739e-06 1.26678e-06 1.01493e-06 7.62076e-07 5.08469e-07 2.5436e-07 0 
0 3.04679e-07 6.09057e-07 9.12834e-07 1.21571e-06 1.51739e-06 1.81757e-06 2.11595e-06 2.41225e-06 2.70617e-06 2.99741e-06 3.2857e-06 3.57074e-06 3.85227e-06 4.12999e-06 4.40363e-06 4.67293e-06 4.93761e-06 5.19743e-06 5.45211e-06 5.70142e-06 5.94509e-06 6.1829e-06 6.41461e-06 6.63999e-06 6.85881e-06 7.07087e-06 7.27595e-06 7.47384e-06 7.66437e-06 7.84732e-06 8.02254e-06 8.18983e-06 8.34905e-06 8.50002e-06 8.64261e-06 8.77667e-06 8.90206e-06 9.01867e-06 9.12638e-06 9.22508e-06 9.31468e-06 9.39509e-06 9.46622e-06 9.52802e-06 9.58041e-06 9.62334e-06 9.65678e-06 9.68069e-06 9.69504e-06 9.69983e-06 9.69504e-06 9.68069e-06 9.65678e-06 9.62334e-06 9.58041e-06 9.52802e-06 9.46622e-06 9.39509e-06 9.31468e-06 9.22508e-06 9.12638e-06 9.01867e-06 8.90206e-06 8.77667e-06 8.64261e-06 8.50002e-06 8.34905e-06 8.18983e-06 8.02254e-06 7.84732e-06 7.66437e-06 7.47384e-06 7.27595e-06 7.07087e-06 6.85881e-06 6.63999e-06 6.41461e-06 6.1829e-06 5.94509e-06 5.70142e-06 5.45211e-06 5.19743e-06 4.93761e-06 4.67293e-06 4.40363e-06 4.12999e-06 3.85227e-06 3.57074e-06 3.2857e-06 2.99741e-06 2.70617e-06 2.41225e-06 2.11595e-06 1.81757e-06 1.51739e-06 1.21571e-06 9.12834e-07 6.09057e-07 3.04679e-07 0 
0 3.54697e-07 7.09045e-07 1.06269e-06 1.41529e-06 1.76649e-06 2.11595e-06 2.46332e-06 2.80826e-06 3.15043e-06 3.48949e-06 3.8251e-06 4.15694e-06 4.48468e-06 4.80799e-06 5.12656e-06 5.44007e-06 5.74821e-06 6.05068e-06 6.34717e-06 6.6374e-06 6.92108e-06 7.19793e-06 7.46768e-06 7.73006e-06 7.98481e-06 8.23168e-06 8.47042e-06 8.70081e-06 8.92261e-06 9.1356e-06 9.33958e-06 9.53434e-06 9.71969e-06 9.89545e-06 1.00614e-05 1.02175e-05 1.03635e-05 1.04992e-05 1.06246e-05 1.07395e-05 1.08439e-05 1.09375e-05 1.10203e-05 1.10922e-05 1.11532e-05 1.12032e-05 1.12421e-05 1.12699e-05 1.12867e-05 1.12922e-05 1.12867e-05 1.12699e-05 1.12421e-05 1.12032e-05 1.11532e-05 1.10922e-05 1.10203e-05 1.09375e-05 1.08439e-05 1.07395e-05 1.06246e-05 1.04992e-05 1.03635e-05 1.02175e-05 1.00614e-05 9.89545e-06 9.71969e-06 9.53434e-06 9.33958e-06 9.1356e-06 8.92261e-06 8.70081e-06 8.47042e-06 8.23168e-06 7.98481e-06 7.73006e-06 7.46768e-06 7.19793e-06 6.92108e-06 6.6374e-06 6.34717e-06 6.05068e-06 5.74821e-06 5.44007e-06 5.12656e-06 4.80799e-06 4.48468e-06 4.15694e-06 3.8251e-06 3.48949e-06 3.15043e-06 2.80826e-06 2.46332e-06 2.11595e-06 1.76649e-06 1.41529e-06 1.06269e-06 7.09045e-07 3.54697e-07 0 
0 4.04366e-07 8.08332e-07 1.2115e-06 1.61347e-06 2.01386e-06 2.41225e-06 2.80826e-06 3.2015e-06 3.59159e-06 3.97812e-06 4.36073e-06 4.73904e-06 5.11267e-06 5.48126e-06 5.84444e-06 6.20184e-06 6.55313e-06 6.89795e-06 7.23597e-06 7.56684e-06 7.89024e-06 8.20586e-06 8.51338e-06 8.8125e-06 9.10292e-06 9.38436e-06 9.65654e-06 9.91918e-06 1.0172e-05 1.04149e-05 1.06474e-05 1.08694e-05 1.10807e-05 1.12811e-05 1.14704e-05 1.16483e-05 1.18147e-05 1.19695e-05 1.21124e-05 1.22434e-05 1.23623e-05 1.2469e-05 1.25634e-05 1.26455e-05 1.2715e-05 1.2772e-05 1.28163e-05 1.28481e-05 1.28671e-05 1.28735e-05 1.28671e-05 1.28481e-05 1.28163e-05 1.2772e-05 1.2715e-05 1.26455e-05 1.25634e-05 1.2469e-05 1.23623e-05 1.22434e-05 1.21124e-05 1.19695e-05 1.18147e-05 1.16483e-05 1.14704e-05 1.12811e-05 1.10807e-05 1.08694e-05 1.06474e-05 1.04149e-05 1.0172e-05 9.91918e-06 9.65654e-06 9.38436e-06 9.10292e-06 8.8125e-06 8.51338e-06 8.20586e-06 7.89024e-06 7.56684e-06 7.23597e-06 6.89795e-06 6.55313e-06 6.20184e-06 5.84444e-06 5.48126e-06 5.11267e-06 4.73904e-06 4.36073e-06 3.97812e-06 3.59159e-06 3.2015e-06 2.80826e-06 2.41225e-06 2.01386e-06 1.61347e-06 1.2115e-06 8.08332e-07 4.04366e-07 0 
0 4.53635e-07 9.06822e-07 1.35911e-06 1.81007e-06 2.25923e-06 2.70617e-06 3.15043e-06 3.59159e-06 4.0292e-06 4.46283e-06 4.89206e-06 5.31646e-06 5.73562e-06 6.14911e-06 6.55654e-06 6.9575e-06 7.35159e-06 7.73842e-06 8.11762e-06 8.48881e-06 8.85162e-06 9.20569e-06 9.55068e-06 9.88625e-06 1.02121e-05 1.05278e-05 1.08331e-05 1.11278e-05 1.14114e-05 1.16838e-05 1.19447e-05 1.21938e-05 1.24309e-05 1.26556e-05 1.28679e-05 1.30675e-05 1.32542e-05 1.34279e-05 1.35882e-05 1.37352e-05 1.38686e-05 1.39883e-05 1.40942e-05 1.41862e-05 1.42642e-05 1.43281e-05 1.43779e-05 1.44135e-05 1.44349e-05 1.4442e-05 1.44349e-05 1.44135e-05 1.43779e-05 1.43281e-05 1.42642e-05 1.41862e-05 1.40942e-05 1.39883e-05 1.38686e-05 1.37352e-05 1.35882e-05 1.34279e-05 1.32542e-05 1.30675e-05 1.28679e-05 1.26556e-05 1.24309e-05 1.21938e-05 1.19447e-05 1.16838e-05 1.14114e-05 1.11278e-05 1.08331e-05 1.05278e-05 1.02121e-05 9.88625e-06 9.55068e-06 9.20569e-06 8.85162e-06 8.48881e-06 8.11762e-06 7.73842e-06 7.35159e-06 6.9575e-06 6.55654e-06 6.14911e-06 5.73562e-06 5.31646e-06 4.89206e-06 4.46283e-06 4.0292e-06 3.59159e-06 3.15043e-06 2.70617e-06 2.25923e-06 1.81007e-06 1.35911e-06 9.06822e-07 4.53635e-07 0 
0 5.02457e-07 1.00442e-06 1.50539e-06 2.00487e-06 2.50238e-06 2.99741e-06 3.48949e-06 3.97812e-06 4.46283e-06 4.94313e-06 5.41856e-06 5.88864e-06 6.3529e-06 6.8109e-06 7.26218e-06 7.70629e-06 8.14279e-06 8.57126e-06 8.99126e-06 9.4024e-06 9.80426e-06 1.01964e-05 1.05786e-05 1.09502e-05 1.13111e-05 1.16608e-05 1.1999e-05 1.23254e-05 1.26396e-05 1.29413e-05 1.32302e-05 1.35061e-05 1.37687e-05 1.40177e-05 1.42528e-05 1.44739e-05 1.46807e-05 1.4873e-05 1.50506e-05 1.52134e-05 1.53612e-05 1.54938e-05 1.56111e-05 1.5713e-05 1.57994e-05 1.58702e-05 1.59253e-05 1.59648e-05 1.59884e-05 1.59963e-05 1.59884e-05 1.59648e-05 1.59253e-05 1.58702e-05 1.57994e-05 1.5713e-05 1.56111e-05 1.54938e-05 1.53612e-05 1.52134e-05 1.50506e-05 1.4873e-05 1.46807e-05 1.44739e-05 1.42528e-05 1.40177e-05 1.37687e-05 1.35061e-05 1.32302e-05 1.29413e-05 1.26396e-05 1.23254e-05 1.1999e-05 1.16608e-05 1.13111e-05 1.09502e-05 1.05786e-05 1.01964e-05 9.80426e-06 9.4024e-06 8.99126e-06 8.57126e-06 8.14279e-06 7.70629e-06 7.26218e-06 6.8109e-06 6.3529e-06 5.88864e-06 5.41856e-06 4.94313e-06 4.46283e-06 3.97812e-06 3.48949e-06 2.99741e-06 2.50238e-06 2.00487e-06 1.50539e-06 1.00442e-06 5.02457e-07 0 
0 5.50782e-07 1.10102e-06 1.65017e-06 2.1977e-06 2.74305e-06 3.2857e-06 3.8251e-06 4.36073e-06 4.89206e-06 5.41856e-06 5.93971e-06 6.455e-06 6.96392e-06 7.46597e-06 7.96065e-06 8.44747e-06 8.92595e-06 9.39563e-06 9.85604e-06 1.03067e-05 1.07472e-05 1.11771e-05 1.1596e-05 1.20034e-05 1.2399e-05 1.27823e-05 1.31531e-05 1.35108e-05 1.38552e-05 1.4186e-05 1.45027e-05 1.48051e-05 1.5093e-05 1.53659e-05 1.56236e-05 1.5866e-05 1.60927e-05 1.63035e-05 1.64982e-05 1.66766e-05 1.68386e-05 1.69839e-05 1.71125e-05 1.72242e-05 1.73189e-05 1.73966e-05 1.7457e-05 1.75002e-05 1.75262e-05 1.75348e-05 1.75262e-05 1.75002e-05 1.7457e-05 1.73966e-05 1.73189e-05 1.72242e-05 1.71125e-05 1.69839e-05 1.68386e-05 1.66766e-05 1.64982e-05 1.63035e-05 1.60927e-05 1.5866e-05 1.56236e-05 1.53659e-05 1.5093e-05 1.48051e-05 1.45027e-05 1.4186e-05 1.38552e-05 1.35108e-05 1.31531e-05 1.27823e-05 1.2399e-05 1.20034e-05 1.1596e-05 1.11771e-05 1.07472e-05 1.03067e-05 9.85604e-06 9.39563e-06 8.92595e-06 8.44747e-06 7.96065e-06 7.46597e-06 6.96392e-06 6.455e-06 5.93971e-06 5.41856e-06 4.89206e-06 4.36073e-06 3.8251e-06 3.2857e-06 2.74305e-06 2.1977e-06 1.65017e-06 1.10102e-06 5.50782e-07 0 
0 5.98564e-07 1.19654e-06 1.79333e-06 2.38835e-06 2.98102e-06 3.57074e-06 4.15694e-06 4.73904e-06 5.31646e-06 5.88864e-06 6.455e-06 7.01499e-06 7.56806e-06 8.11366e-06 8.65126e-06 9.18031e-06 9.70031e-06 1.02107e-05 1.07111e-05 1.12009e-05 1.16796e-05 1.21468e-05 1.2602e-05 1.30448e-05 1.34746e-05 1.38912e-05 1.42941e-05 1.46829e-05 1.50572e-05 1.54167e-05 1.57609e-05 1.60895e-05 1.64023e-05 1.66989e-05 1.6979e-05 1.72424e-05 1.74888e-05 1.77179e-05 1.79295e-05 1.81234e-05 1.82994e-05 1.84574e-05 1.85971e-05 1.87185e-05 1.88214e-05 1.89058e-05 1.89715e-05 1.90184e-05 1.90466e-05 1.9056e-05 1.90466e-05 1.90184e-05 1.89715e-05 1.89058e-05 1.88214e-05 1.87185e-05 1.85971e-05 1.84574e-05 1.82994e-05 1.81234e-05 1.79295e-05 1.77179e-05 1.74888e-05 1.72424e-05 1.6979e-05 1.66989e-05 1.64023e-05 1.60895e-05 1.57609e-05 1.54167e-05 1.50572e-05 1.46829e-05 1.42941e-05 1.38912e-05 1.34746e-05 1.30448e-05 1.2602e-05 1.21468e-05 1.16796e-05 1.12009e-05 1.07111e-05 1.02107e-05 9.70031e-06 9.18031e-06 8.65126e-06 8.11366e-06 7.56806e-06 7.01499e-06 6.455e-06 5.88864e-06 5.31646e-06 4.73904e-06 4.15694e-06 3.57074e-06 2.98102e-06 2.38835e-06 1.79333e-06 1.19654e-06 5.98564e-07 0 
0 6.45756e-07 1.29087e-06 1.93472e-06 2.57665e-06 3.21605e-06 3.85227e-06 4.48468e-06 5.11267e-06 5.73562e-06 6.3529e-06 6.96392e-06 7.56806e-06 8.16474e-06 8.75335e-06 9.33333e-06 9.9041e-06 1.04651e-05 1.10158e-05 1.15556e-05 1.20839e-05 1.26004e-05 1.31044e-05 1.35955e-05 1.40732e-05 1.4537e-05 1.49865e-05 1.54211e-05 1.58405e-05 1.62443e-05 1.66321e-05 1.70035e-05 1.73581e-05 1.76955e-05 1.80155e-05 1.83177e-05 1.86018e-05 1.88676e-05 1.91147e-05 1.9343e-05 1.95522e-05 1.97421e-05 1.99125e-05 2.00633e-05 2.01943e-05 2.03053e-05 2.03963e-05 2.04672e-05 2.05179e-05 2.05483e-05 2.05584e-05 2.05483e-05 2.05179e-05 2.04672e-05 2.03963e-05 2.03053e-05 2.01943e-05 2.00633e-05 1.99125e-05 1.97421e-05 1.95522e-05 1.9343e-05 1.91147e-05 1.88676e-05 1.86018e-05 1.83177e-05 1.80155e-05 1.76955e-05 1.73581e-05 1.70035e-05 1.66321e-05 1.62443e-05 1.58405e-05 1.54211e-05 1.49865e-05 1.4537e-05 1.40732e-05 1.35955e-05 1.31044e-05 1.26004e-05 1.20839e-05 1.15556e-05 1.10158e-05 1.04651e-05 9.9041e-06 9.33333e-06 8.75335e-06 8.16474e-06 7.56806e-06 6.96392e-06 6.3529e-06 5.73562e-06 5.11267e-06 4.48468e-06 3.85227e-06 3.21605e-06 2.57665e-06 1.93472e-06 1.29087e-06 6.45756e-07 0 
0 6.9231e-07 1.38394e-06 2.0742e-06 2.76241e-06 3.4479e-06 4.12999e-06 4.80799e-06 5.48126e-06 6.14911e-06 6.8109e-06 7.46597e-06 8.11366e-06 8.75335e-06 9.38441e-06 1.00062e-05 1.06181e-05 1.12195e-05 1.18099e-05 1.23886e-05 1.29551e-05 1.35088e-05 1.40492e-05 1.45757e-05 1.50878e-05 1.5585e-05 1.60669e-05 1.65329e-05 1.69825e-05 1.74154e-05 1.78312e-05 1.82293e-05 1.86094e-05 1.89712e-05 1.93143e-05 1.96383e-05 1.99429e-05 2.02278e-05 2.04928e-05 2.07375e-05 2.09618e-05 2.11654e-05 2.13481e-05 2.15097e-05 2.16501e-05 2.17692e-05 2.18667e-05 2.19427e-05 2.1997e-05 2.20297e-05 2.20405e-05 2.20297e-05 2.1997e-05 2.19427e-05 2.18667e-05 2.17692e-05 2.16501e-05 2.15097e-05 2.13481e-05 2.11654e-05 2.09618e-05 2.07375e-05 2.04928e-05 2.02278e-05 1.99429e-05 1.96383e-05 1.93143e-05 1.89712e-05 1.86094e-05 1.82293e-05 1.78312e-05 1.74154e-05 1.69825e-05 1.65329e-05 1.60669e-05 1.5585e-05 1.50878e-05 1.45757e-05 1.40492e-05 1.35088e-05 1.29551e-05 1.23886e-05 1.18099e-05 1.12195e-05 1.06181e-05 1.00062e-05 9.38441e-06 8.75335e-06 8.11366e-06 7.46597e-06 6.8109e-06 6.14911e-06 5.48126e-06 4.80799e-06 4.12999e-06 3.4479e-06 2.76241e-06 2.0742e-06 1.38394e-06 6.9231e-07 0 
0 7.38181e-07 1.47563e-06 2.21163e-06 2.94544e-06 3.67635e-06 4.40363e-06 5.12656e-06 5.84444e-06 6.55654e-06 7.26218e-06 7.96065e-06 8.65126e-06 9.33333e-06 1.00062e-05 1.06692e-05 1.13216e-05 1.19629e-05 1.25924e-05 1.32095e-05 1.38135e-05 1.44039e-05 1.498e-05 1.55414e-05 1.60875e-05 1.66176e-05 1.71314e-05 1.76283e-05 1.81078e-05 1.85694e-05 1.90126e-05 1.94371e-05 1.98425e-05 2.02282e-05 2.0594e-05 2.09395e-05 2.12642e-05 2.15681e-05 2.18506e-05 2.21115e-05 2.23507e-05 2.25678e-05 2.27626e-05 2.29349e-05 2.30846e-05 2.32116e-05 2.33156e-05 2.33966e-05 2.34545e-05 2.34893e-05 2.35009e-05 2.34893e-05 2.34545e-05 2.33966e-05 2.33156e-05 2.32116e-05 2.30846e-05 2.29349e-05 2.27626e-05 2.25678e-05 2.23507e-05 2.21115e-05 2.18506e-05 2.15681e-05 2.12642e-05 2.09395e-05 2.0594e-05 2.02282e-05 1.98425e-05 1.94371e-05 1.90126e-05 1.85694e-05 1.81078e-05 1.76283e-05 1.71314e-05 1.66176e-05 1.60875e-05 1.55414e-05 1.498e-05 1.44039e-05 1.38135e-05 1.32095e-05 1.25924e-05 1.19629e-05 1.13216e-05 1.06692e-05 1.00062e-05 9.33333e-06 8.65126e-06 7.96065e-06 7.26218e-06 6.55654e-06 5.84444e-06 5.12656e-06 4.40363e-06 3.67635e-06 2.94544e-06 2.21163e-06 1.47563e-06 7.38181e-07 0 
0 7.83323e-07 1.56587e-06 2.34688e-06 3.12557e-06 3.90117e-06 4.67293e-06 5.44007e-06 6.20184e-06 6.9575e-06 7.70629e-06 8.44747e-06 9.18031e-06 9.9041e-06 1.06181e-05 1.13216e-05 1.2014e-05 1.26945e-05 1.33625e-05 1.40173e-05 1.46582e-05 1.52847e-05 1.58961e-05 1.64918e-05 1.70713e-05 1.76339e-05 1.81791e-05 1.87063e-05 1.92151e-05 1.97049e-05 2.01753e-05 2.06258e-05 2.10559e-05 2.14652e-05 2.18534e-05 2.222e-05 2.25646e-05 2.2887e-05 2.31868e-05 2.34637e-05 2.37175e-05 2.39479e-05 2.41546e-05 2.43375e-05 2.44963e-05 2.4631e-05 2.47414e-05 2.48274e-05 2.48889e-05 2.49258e-05 2.49381e-05 2.49258e-05 2.48889e-05 2.48274e-05 2.47414e-05 2.4631e-05 2.44963e-05 2.43375e-05 2.41546e-05 2.39479e-05 2.37175e-05 2.34637e-05 2.31868e-05 2.2887e-05 2.25646e-05 2.222e-05 2.18534e-05 2.14652e-05 2.10559e-05 2.06258e-05 2.01753e-05 1.97049e-05 1.92151e-05 1.87063e-05 1.81791e-05 1.76339e-05 1.70713e-05 1.64918e-05 1.58961e-05 1.52847e-05 1.46582e-05 1.40173e-05 1.33625e-05 1.26945e-05 1.2014e-05 1.13216e-05 1.06181e-05 9.9041e-06 9.18031e-06 8.44747e-06 7.70629e-06 6.9575e-06 6.20184e-06 5.44007e-06 4.67293e-06 3.90117e-06 3.12557e-06 2.34688e-06 1.56587e-06 7.83323e-07 0 
0 8.27693e-07 1.65457e-06 2.47981e-06 3.30261e-06 4.12214e-06 4.93761e-06 5.74821e-06 6.55313e-06 7.35159e-06 8.14279e-06 8.92595e-06 9.70031e-06 1.04651e-05 1.12195e-05 1.19629e-05 1.26945e-05 1.34136e-05 1.41194e-05 1.48112e-05 1.54885e-05 1.61505e-05 1.67965e-05 1.7426e-05 1.80382e-05 1.86327e-05 1.92088e-05 1.97659e-05 2.03035e-05 2.08211e-05 2.13181e-05 2.17941e-05 2.22486e-05 2.26811e-05 2.30912e-05 2.34786e-05 2.38428e-05 2.41834e-05 2.45002e-05 2.47928e-05 2.50609e-05 2.53043e-05 2.55228e-05 2.5716e-05 2.58839e-05 2.60262e-05 2.61428e-05 2.62337e-05 2.62986e-05 2.63376e-05 2.63506e-05 2.63376e-05 2.62986e-05 2.62337e-05 2.61428e-05 2.60262e-05 2.58839e-05 2.5716e-05 2.55228e-05 2.53043e-05 2.50609e-05 2.47928e-05 2.45002e-05 2.41834e-05 2.38428e-05 2.34786e-05 2.30912e-05 2.26811e-05 2.22486e-05 2.17941e-05 2.13181e-05 2.08211e-05 2.03035e-05 1.97659e-05 1.92088e-05 1.86327e-05 1.80382e-05 1.7426e-05 1.67965e-05 1.61505e-05 1.54885e-05 1.48112e-05 1.41194e-05 1.34136e-05 1.26945e-05 1.19629e-05 1.12195e-05 1.04651e-05 9.70031e-06 8.92595e-06 8.14279e-06 7.35159e-06 6.55313e-06 5.74821e-06 4.93761e-06 4.12214e-06 3.30261e-06 2.47981e-06 1.65457e-06 8.27693e-07 0 
0 8.71245e-07 1.74163e-06 2.6103e-06 3.47639e-06 4.33905e-06 5.19743e-06 6.05068e-06 6.89795e-06 7.73842e-06 8.57126e-06 9.39563e-06 1.02107e-05 1.10158e-05 1.18099e-05 1.25924e-05 1.33625e-05 1.41194e-05 1.48623e-05 1.55906e-05 1.63035e-05 1.70003e-05 1.76803e-05 1.83429e-05 1.89874e-05 1.96131e-05 2.02195e-05 2.0806e-05 2.13719e-05 2.19167e-05 2.24398e-05 2.29409e-05 2.34193e-05 2.38745e-05 2.43063e-05 2.4714e-05 2.50973e-05 2.54559e-05 2.57894e-05 2.60974e-05 2.63796e-05 2.66358e-05 2.68658e-05 2.70692e-05 2.72459e-05 2.73957e-05 2.75185e-05 2.76141e-05 2.76824e-05 2.77235e-05 2.77372e-05 2.77235e-05 2.76824e-05 2.76141e-05 2.75185e-05 2.73957e-05 2.72459e-05 2.70692e-05 2.68658e-05 2.66358e-05 2.63796e-05 2.60974e-05 2.57894e-05 2.54559e-05 2.50973e-05 2.4714e-05 2.43063e-05 2.38745e-05 2.34193e-05 2.29409e-05 2.24398e-05 2.19167e-05 2.13719e-05 2.0806e-05 2.02195e-05 1.96131e-05 1.89874e-05 1.83429e-05 1.76803e-05 1.70003e-05 1.63035e-05 1.55906e-05 1.48623e-05 1.41194e-05 1.33625e-05 1.25924e-05 1.18099e-05 1.10158e-05 1.02107e-05 9.39563e-06 8.57126e-06 7.73842e-06 6.89795e-06 6.05068e-06 5.19743e-06 4.33905e-06 3.47639e-06 2.6103e-06 1.74163e-06 8.71245e-07 0 
0 9.13938e-07 1.82697e-06 2.73821e-06 3.64674e-06 4.55167e-06 5.45211e-06 6.34717e-06 7.23597e-06 8.11762e-06 8.99126e-06 9.85604e-06 1.07111e-05 1.15556e-05 1.23886e-05 1.32095e-05 1.40173e-05 1.48112e-05 1.55906e-05 1.63546e-05 1.71024e-05 1.78334e-05 1.85467e-05 1.92418e-05 1.99178e-05 2.05742e-05 2.12103e-05 2.18255e-05 2.24191e-05 2.29906e-05 2.35394e-05 2.4065e-05 2.45669e-05 2.50444e-05 2.54973e-05 2.5925e-05 2.63272e-05 2.67033e-05 2.70531e-05 2.73762e-05 2.76723e-05 2.7941e-05 2.81822e-05 2.83956e-05 2.8581e-05 2.87381e-05 2.88669e-05 2.89672e-05 2.90389e-05 2.9082e-05 2.90963e-05 2.9082e-05 2.90389e-05 2.89672e-05 2.88669e-05 2.87381e-05 2.8581e-05 2.83956e-05 2.81822e-05 2.7941e-05 2.76723e-05 2.73762e-05 2.70531e-05 2.67033e-05 2.63272e-05 2.5925e-05 2.54973e-05 2.50444e-05 2.45669e-05 2.4065e-05 2.35394e-05 2.29906e-05 2.24191e-05 2.18255e-05 2.12103e-05 2.05742e-05 1.99178e-05 1.92418e-05 1.85467e-05 1.78334e-05 1.71024e-05 1.63546e-05 1.55906e-05 1.48112e-05 1.40173e-05 1.32095e-05 1.23886e-05 1.15556e-05 1.07111e-05 9.85604e-06 8.99126e-06 8.11762e-06 7.23597e-06 6.34717e-06 5.45211e-06 4.55167e-06 3.64674e-06 2.73821e-06 1.82697e-06 9.13938e-07 0 
0 9.55729e-07 1.91051e-06 2.86342e-06 3.81349e-06 4.7598e-06 5.70142e-06 6.6374e-06 7.56684e-06 8.48881e-06 9.4024e-06 1.03067e-05 1.12009e-05 1.20839e-05 1.29551e-05 1.38135e-05 1.46582e-05 1.54885e-05 1.63035e-05 1.71024e-05 1.78844e-05 1.86488e-05 1.93948e-05 2.01216e-05 2.08286e-05 2.1515e-05 2.21802e-05 2.28235e-05 2.34443e-05 2.40419e-05 2.46158e-05 2.51654e-05 2.56902e-05 2.61896e-05 2.66632e-05 2.71105e-05 2.7531e-05 2.79243e-05 2.82901e-05 2.8628e-05 2.89376e-05 2.92187e-05 2.94709e-05 2.9694e-05 2.98879e-05 3.00522e-05 3.01869e-05 3.02918e-05 3.03668e-05 3.04118e-05 3.04268e-05 3.04118e-05 3.03668e-05 3.02918e-05 3.01869e-05 3.00522e-05 2.98879e-05 2.9694e-05 2.94709e-05 2.92187e-05 2.89376e-05 2.8628e-05 2.82901e-05 2.79243e-05 2.7531e-05 2.71105e-05 2.66632e-05 2.61896e-05 2.56902e-05 2.51654e-05 2.46158e-05 2.40419e-05 2.34443e-05 2.28235e-05 2.21802e-05 2.1515e-05 2.08286e-05 2.01216e-05 1.93948e-05 1.86488e-05 1.78844e-05 1.71024e-05 1.63035e-05 1.54885e-05 1.46582e-05 1.38135e-05 1.29551e-05 1.20839e-05 1.12009e-05 1.03067e-05 9.4024e-06 8.48881e-06 7.56684e-06 6.6374e-06 5.70142e-06 4.7598e-06 3.81349e-06 2.86342e-06 1.91051e-06 9.55729e-07 0 
0 9.96577e-07 1.99217e-06 2.9858e-06 3.97648e-06 4.96323e-06 5.94509e-06 6.92108e-06 7.89024e-06 8.85162e-06 9.80426e-06 1.07472e-05 1.16796e-05 1.26004e-05 1.35088e-05 1.44039e-05 1.52847e-05 1.61505e-05 1.70003e-05 1.78334e-05 1.86488e-05 1.94458e-05 2.02237e-05 2.09816e-05 2.17188e-05 2.24345e-05 2.31282e-05 2.3799e-05 2.44463e-05 2.50694e-05 2.56679e-05 2.6241e-05 2.67882e-05 2.7309e-05 2.78028e-05 2.82692e-05 2.87077e-05 2.91178e-05 2.94992e-05 2.98516e-05 3.01744e-05 3.04675e-05 3.07305e-05 3.09631e-05 3.11653e-05 3.13366e-05 3.14771e-05 3.15864e-05 3.16646e-05 3.17116e-05 3.17272e-05 3.17116e-05 3.16646e-05 3.15864e-05 3.14771e-05 3.13366e-05 3.11653e-05 3.09631e-05 3.07305e-05 3.04675e-05 3.01744e-05 2.98516e-05 2.94992e-05 2.91178e-05 2.87077e-05 2.82692e-05 2.78028e-05 2.7309e-05 2.67882e-05 2.6241e-05 2.56679e-05 2.50694e-05 2.44463e-05 2.3799e-05 2.31282e-05 2.24345e-05 2.17188e-05 2.09816e-05 2.02237e-05 1.94458e-05 1.86488e-05 1.78334e-05 1.70003e-05 1.61505e-05 1.52847e-05 1.44039e-05 1.35088e-05 1.26004e-05 1.16796e-05 1.07472e-05 9.80426e-06 8.85162e-06 7.89024e-06 6.92108e-06 5.94509e-06 4.96323e-06 3.97648e-06 2.9858e-06 1.99217e-06 9.96577e-07 0 
0 1.03644e-06 2.07186e-06 3.10523e-06 4.13554e-06 5.16177e-06 6.1829e-06 7.19793e-06 8.20586e-06 9.20569e-06 1.01964e-05 1.11771e-05 1.21468e-05 1.31044e-05 1.40492e-05 1.498e-05 1.58961e-05 1.67965e-05 1.76803e-05 1.85467e-05 1.93948e-05 2.02237e-05 2.10327e-05 2.18209e-05 2.25876e-05 2.3332e-05 2.40533e-05 2.47509e-05 2.54241e-05 2.60722e-05 2.66946e-05 2.72907e-05 2.78598e-05 2.84014e-05 2.89149e-05 2.94e-05 2.9856e-05 3.02826e-05 3.06792e-05 3.10456e-05 3.13814e-05 3.16862e-05 3.19597e-05 3.22017e-05 3.24119e-05 3.25901e-05 3.27362e-05 3.28499e-05 3.29313e-05 3.29801e-05 3.29964e-05 3.29801e-05 3.29313e-05 3.28499e-05 3.27362e-05 3.25901e-05 3.24119e-05 3.22017e-05 3.19597e-05 3.16862e-05 3.13814e-05 3.10456e-05 3.06792e-05 3.02826e-05 2.9856e-05 2.94e-05 2.89149e-05 2.84014e-05 2.78598e-05 2.72907e-05 2.66946e-05 2.60722e-05 2.54241e-05 2.47509e-05 2.40533e-05 2.3332e-05 2.25876e-05 2.18209e-05 2.10327e-05 2.02237e-05 1.93948e-05 1.85467e-05 1.76803e-05 1.67965e-05 1.58961e-05 1.498e-05 1.40492e-05 1.31044e-05 1.21468e-05 1.11771e-05 1.01964e-05 9.20569e-06 8.20586e-06 7.19793e-06 6.1829e-06 5.16177e-06 4.13554e-06 3.10523e-06 2.07186e-06 1.03644e-06 0 
0 1.07528e-06 2.1495e-06 3.2216e-06 4.29052e-06 5.35521e-06 6.41461e-06 7.46768e-06 8.51338e-06 9.55068e-06 1.05786e-05 1.1596e-05 1.2602e-05 1.35955e-05 1.45757e-05 1.55414e-05 1.64918e-05 1.7426e-05 1.83429e-05 1.92418e-05 2.01216e-05 2.09816e-05 2.18209e-05 2.26386e-05 2.3434e-05 2.42063e-05 2.49547e-05 2.56785e-05 2.63769e-05 2.70493e-05 2.7695e-05 2.83134e-05 2.89038e-05 2.94657e-05 2.99985e-05 3.05018e-05 3.09749e-05 3.14174e-05 3.1829e-05 3.22091e-05 3.25574e-05 3.28737e-05 3.31574e-05 3.34085e-05 3.36266e-05 3.38115e-05 3.3963e-05 3.4081e-05 3.41654e-05 3.4216e-05 3.42329e-05 3.4216e-05 3.41654e-05 3.4081e-05 3.3963e-05 3.38115e-05 3.36266e-05 3.34085e-05 3.31574e-05 3.28737e-05 3.25574e-05 3.22091e-05 3.1829e-05 3.14174e-05 3.09749e-05 3.05018e-05 2.99985e-05 2.94657e-05 2.89038e-05 2.83134e-05 2.7695e-05 2.70493e-05 2.63769e-05 2.56785e-05 2.49547e-05 2.42063e-05 2.3434e-05 2.26386e-05 2.18209e-05 2.09816e-05 2.01216e-05 1.92418e-05 1.83429e-05 1.7426e-05 1.64918e-05 1.55414e-05 1.45757e-05 1.35955e-05 1.2602e-05 1.1596e-05 1.05786e-05 9.55068e-06 8.51338e-06 7.46768e-06 6.41461e-06 5.35521e-06 4.29052e-06 3.2216e-06 2.1495e-06 1.07528e-06 0 
0 1.11306e-06 2.22503e-06 3.33479e-06 4.44127e-06 5.54336e-06 6.63999e-06 7.73006e-06 8.8125e-06 9.88625e-06 1.09502e-05 1.20034e-05 1.30448e-05 1.40732e-05 1.50878e-05 1.60875e-05 1.70713e-05 1.80382e-05 1.89874e-05 1.99178e-05 2.08286e-05 2.17188e-05 2.25876e-05 2.3434e-05 2.42574e-05 2.50568e-05 2.58315e-05 2.65807e-05 2.73037e-05 2.79997e-05 2.86681e-05 2.93082e-05 2.99194e-05 3.0501e-05 3.10525e-05 3.15734e-05 3.20632e-05 3.25213e-05 3.29473e-05 3.33408e-05 3.37014e-05 3.40287e-05 3.43224e-05 3.45823e-05 3.4808e-05 3.49994e-05 3.51563e-05 3.52784e-05 3.53658e-05 3.54182e-05 3.54357e-05 3.54182e-05 3.53658e-05 3.52784e-05 3.51563e-05 3.49994e-05 3.4808e-05 3.45823e-05 3.43224e-05 3.40287e-05 3.37014e-05 3.33408e-05 3.29473e-05 3.25213e-05 3.20632e-05 3.15734e-05 3.10525e-05 3.0501e-05 2.99194e-05 2.93082e-05 2.86681e-05 2.79997e-05 2.73037e-05 2.65807e-05 2.58315e-05 2.50568e-05 2.42574e-05 2.3434e-05 2.25876e-05 2.17188e-05 2.08286e-05 1.99178e-05 1.89874e-05 1.80382e-05 1.70713e-05 1.60875e-05 1.50878e-05 1.40732e-05 1.30448e-05 1.20034e-05 1.09502e-05 9.88625e-06 8.8125e-06 7.73006e-06 6.63999e-06 5.54336e-06 4.44127e-06 3.33479e-06 2.22503e-06 1.11306e-06 0 
0 1.14974e-06 2.29835e-06 3.44469e-06 4.58764e-06 5.72605e-06 6.85881e-06 7.98481e-06 9.10292e-06 1.02121e-05 1.13111e-05 1.2399e-05 1.34746e-05 1.4537e-05 1.5585e-05 1.66176e-05 1.76339e-05 1.86327e-05 1.96131e-05 2.05742e-05 2.1515e-05 2.24345e-05 2.3332e-05 2.42063e-05 2.50568e-05 2.58826e-05 2.66828e-05 2.74567e-05 2.82035e-05 2.89224e-05 2.96129e-05 3.0274e-05 3.09054e-05 3.15062e-05 3.20759e-05 3.2614e-05 3.31198e-05 3.3593e-05 3.40331e-05 3.44395e-05 3.4812e-05 3.51501e-05 3.54535e-05 3.5722e-05 3.59552e-05 3.61529e-05 3.63149e-05 3.64411e-05 3.65313e-05 3.65854e-05 3.66035e-05 3.65854e-05 3.65313e-05 3.64411e-05 3.63149e-05 3.61529e-05 3.59552e-05 3.5722e-05 3.54535e-05 3.51501e-05 3.4812e-05 3.44395e-05 3.40331e-05 3.3593e-05 3.31198e-05 3.2614e-05 3.20759e-05 3.15062e-05 3.09054e-05 3.0274e-05 2.96129e-05 2.89224e-05 2.82035e-05 2.74567e-05 2.66828e-05 2.58826e-05 2.50568e-05 2.42063e-05 2.3332e-05 2.24345e-05 2.1515e-05 2.05742e-05 1.96131e-05 1.86327e-05 1.76339e-05 1.66176e-05 1.5585e-05 1.4537e-05 1.34746e-05 1.2399e-05 1.13111e-05 1.02121e-05 9.10292e-06 7.98481e-06 6.85881e-06 5.72605e-06 4.58764e-06 3.44469e-06 2.29835e-06 1.14974e-06 0 
0 1.18529e-06 2.36941e-06 3.55119e-06 4.72947e-06 5.90308e-06 7.07087e-06 8.23168e-06 9.38436e-06 1.05278e-05 1.16608e-05 1.27823e-05 1.38912e-05 1.49865e-05 1.60669e-05 1.71314e-05 1.81791e-05 1.92088e-05 2.02195e-05 2.12103e-05 2.21802e-05 2.31282e-05 2.40533e-05 2.49547e-05 2.58315e-05 2.66828e-05 2.75078e-05 2.83056e-05 2.90755e-05 2.98166e-05 3.05284e-05 3.121e-05 3.18609e-05 3.24803e-05 3.30676e-05 3.36223e-05 3.41438e-05 3.46316e-05 3.50853e-05 3.55043e-05 3.58883e-05 3.62369e-05 3.65497e-05 3.68264e-05 3.70668e-05 3.72706e-05 3.74376e-05 3.75677e-05 3.76607e-05 3.77166e-05 3.77352e-05 3.77166e-05 3.76607e-05 3.75677e-05 3.74376e-05 3.72706e-05 3.70668e-05 3.68264e-05 3.65497e-05 3.62369e-05 3.58883e-05 3.55043e-05 3.50853e-05 3.46316e-05 3.41438e-05 3.36223e-05 3.30676e-05 3.24803e-05 3.18609e-05 3.121e-05 3.05284e-05 2.98166e-05 2.90755e-05 2.83056e-05 2.75078e-05 2.66828e-05 2.58315e-05 2.49547e-05 2.40533e-05 2.31282e-05 2.21802e-05 2.12103e-05 2.02195e-05 1.92088e-05 1.81791e-05 1.71314e-05 1.60669e-05 1.49865e-05 1.38912e-05 1.27823e-05 1.16608e-05 1.05278e-05 9.38436e-06 8.23168e-06 7.07087e-06 5.90308e-06 4.72947e-06 3.55119e-06 2.36941e-06 1.18529e-06 0 
0 1.21967e-06 2.43813e-06 3.65419e-06 4.86664e-06 6.07429e-06 7.27595e-06 8.47042e-06 9.65654e-06 1.08331e-05 1.1999e-05 1.31531e-05 1.42941e-05 1.54211e-05 1.65329e-05 1.76283e-05 1.87063e-05 1.97659e-05 2.0806e-05 2.18255e-05 2.28235e-05 2.3799e-05 2.47509e-05 2.56785e-05 2.65807e-05 2.74567e-05 2.83056e-05 2.91265e-05 2.99187e-05 3.06814e-05 3.14138e-05 3.21152e-05 3.27849e-05 3.34223e-05 3.40267e-05 3.45975e-05 3.51341e-05 3.56361e-05 3.61029e-05 3.65341e-05 3.69292e-05 3.72878e-05 3.76097e-05 3.78945e-05 3.81419e-05 3.83516e-05 3.85234e-05 3.86573e-05 3.8753e-05 3.88105e-05 3.88296e-05 3.88105e-05 3.8753e-05 3.86573e-05 3.85234e-05 3.83516e-05 3.81419e-05 3.78945e-05 3.76097e-05 3.72878e-05 3.69292e-05 3.65341e-05 3.61029e-05 3.56361e-05 3.51341e-05 3.45975e-05 3.40267e-05 3.34223e-05 3.27849e-05 3.21152e-05 3.14138e-05 3.06814e-05 2.99187e-05 2.91265e-05 2.83056e-05 2.74567e-05 2.65807e-05 2.56785e-05 2.47509e-05 2.3799e-05 2.28235e-05 2.18255e-05 2.0806e-05 1.97659e-05 1.87063e-05 1.76283e-05 1.65329e-05 1.54211e-05 1.42941e-05 1.31531e-05 1.1999e-05 1.08331e-05 9.65654e-06 8.47042e-06 7.27595e-06 6.07429e-06 4.86664e-06 3.65419e-06 2.43813e-06 1.21967e-06 0 
0 1.25284e-06 2.50445e-06 3.75358e-06 4.99901e-06 6.23951e-06 7.47384e-06 8.70081e-06 9.91918e-06 1.11278e-05 1.23254e-05 1.35108e-05 1.46829e-05 1.58405e-05 1.69825e-05 1.81078e-05 1.92151e-05 2.03035e-05 2.13719e-05 2.24191e-05 2.34443e-05 2.44463e-05 2.54241e-05 2.63769e-05 2.73037e-05 2.82035e-05 2.90755e-05 2.99187e-05 3.07325e-05 3.15159e-05 3.22683e-05 3.29887e-05 3.36767e-05 3.43313e-05 3.49522e-05 3.55385e-05 3.60897e-05 3.66053e-05 3.70848e-05 3.75277e-05 3.79336e-05 3.8302e-05 3.86327e-05 3.89252e-05 3.91793e-05 3.93947e-05 3.95712e-05 3.97087e-05 3.9807e-05 3.98661e-05 3.98858e-05 3.98661e-05 3.9807e-05 3.97087e-05 3.95712e-05 3.93947e-05 3.91793e-05 3.89252e-05 3.86327e-05 3.8302e-05 3.79336e-05 3.75277e-05 3.70848e-05 3.66053e-05 3.60897e-05 3.55385e-05 3.49522e-05 3.43313e-05 3.36767e-05 3.29887e-05 3.22683e-05 3.15159e-05 3.07325e-05 2.99187e-05 2.90755e-05 2.82035e-05 2.73037e-05 2.63769e-05 2.54241e-05 2.44463e-05 2.34443e-05 2.24191e-05 2.13719e-05 2.03035e-05 1.92151e-05 1.81078e-05 1.69825e-05 1.58405e-05 1.46829e-05 1.35108e-05 1.23254e-05 1.11278e-05 9.91918e-06 8.70081e-06 7.47384e-06 6.23951e-06 4.99901e-06 3.75358e-06 2.50445e-06 1.25284e-06 0 
0 1.28478e-06 2.56829e-06 3.84927e-06 5.12644e-06 6.39856e-06 7.66437e-06 8.92261e-06 1.0172e-05 1.14114e-05 1.26396e-05 1.38552e-05 1.50572e-05 1.62443e-05 1.74154e-05 1.85694e-05 1.97049e-05 2.08211e-05 2.19167e-05 2.29906e-05 2.40419e-05 2.50694e-05 2.60722e-05 2.70493e-05 2.79997e-05 2.89224e-05 2.98166e-05 3.06814e-05 3.15159e-05 3.23193e-05 3.30908e-05 3.38297e-05 3.45351e-05 3.52065e-05 3.58431e-05 3.64444e-05 3.70097e-05 3.75385e-05 3.80302e-05 3.84844e-05 3.89006e-05 3.92784e-05 3.96175e-05 3.99174e-05 4.0178e-05 4.03989e-05 4.058e-05 4.0721e-05 4.08218e-05 4.08823e-05 4.09025e-05 4.08823e-05 4.08218e-05 4.0721e-05 4.058e-05 4.03989e-05 4.0178e-05 3.99174e-05 3.96175e-05 3.92784e-05 3.89006e-05 3.84844e-05 3.80302e-05 3.75385e-05 3.70097e-05 3.64444e-05 3.58431e-05 3.52065e-05 3.45351e-05 3.38297e-05 3.30908e-05 3.23193e-05 3.15159e-05 3.06814e-05 2.98166e-05 2.89224e-05 2.79997e-05 2.70493e-05 2.60722e-05 2.50694e-05 2.40419e-05 2.29906e-05 2.19167e-05 2.08211e-05 1.97049e-05 1.85694e-05 1.74154e-05 1.62443e-05 1.50572e-05 1.38552e-05 1.26396e-05 1.14114e-05 1.0172e-05 8.92261e-06 7.66437e-06 6.39856e-06 5.12644e-06 3.84927e-06 2.56829e-06 1.28478e-06 0 
0 1.31545e-06 2.6296e-06 3.94115e-06 5.24882e-06 6.5513e-06 7.84732e-06 9.1356e-06 1.04149e-05 1.16838e-05 1.29413e-05 1.4186e-05 1.54167e-05 1.66321e-05 1.78312e-05 1.90126e-05 2.01753e-05 2.13181e-05 2.24398e-05 2.35394e-05 2.46158e-05 2.56679e-05 2.66946e-05 2.7695e-05 2.86681e-05 2.96129e-05 3.05284e-05 3.14138e-05 3.22683e-05 3.30908e-05 3.38807e-05 3.46372e-05 3.53595e-05 3.60469e-05 3.66988e-05 3.73144e-05 3.78932e-05 3.84346e-05 3.8938e-05 3.94031e-05 3.98292e-05 4.0216e-05 4.05632e-05 4.08703e-05 4.11371e-05 4.13633e-05 4.15487e-05 4.1693e-05 4.17963e-05 4.18582e-05 4.18789e-05 4.18582e-05 4.17963e-05 4.1693e-05 4.15487e-05 4.13633e-05 4.11371e-05 4.08703e-05 4.05632e-05 4.0216e-05 3.98292e-05 3.94031e-05 3.8938e-05 3.84346e-05 3.78932e-05 3.73144e-05 3.66988e-05 3.60469e-05 3.53595e-05 3.46372e-05 3.38807e-05 3.30908e-05 3.22683e-05 3.14138e-05 3.05284e-05 2.96129e-05 2.86681e-05 2.7695e-05 2.66946e-05 2.56679e-05 2.46158e-05 2.35394e-05 2.24398e-05 2.13181e-05 2.01753e-05 1.90126e-05 1.78312e-05 1.66321e-05 1.54167e-05 1.4186e-05 1.29413e-05 1.16838e-05 1.04149e-05 9.1356e-06 7.84732e-06 6.5513e-06 5.24882e-06 3.94115e-06 2.6296e-06 1.31545e-06 0 
0 1.34482e-06 2.68831e-06 4.02915e-06 5.36601e-06 6.69758e-06 8.02254e-06 9.33958e-06 1.06474e-05 1.19447e-05 1.32302e-05 1.45027e-05 1.57609e-05 1.70035e-05 1.82293e-05 1.94371e-05 2.06258e-05 2.17941e-05 2.29409e-05 2.4065e-05 2.51654e-05 2.6241e-05 2.72907e-05 2.83134e-05 2.93082e-05 3.0274e-05 3.121e-05 3.21152e-05 3.29887e-05 3.38297e-05 3.46372e-05 3.54106e-05 3.6149e-05 3.68518e-05 3.75182e-05 3.81475e-05 3.87392e-05 3.92927e-05 3.98074e-05 4.02828e-05 4.07185e-05 4.1114e-05 4.14689e-05 4.17829e-05 4.20556e-05 4.22869e-05 4.24764e-05 4.2624e-05 4.27295e-05 4.27928e-05 4.2814e-05 4.27928e-05 4.27295e-05 4.2624e-05 4.24764e-05 4.22869e-05 4.20556e-05 4.17829e-05 4.14689e-05 4.1114e-05 4.07185e-05 4.02828e-05 3.98074e-05 3.92927e-05 3.87392e-05 3.81475e-05 3.75182e-05 3.68518e-05 3.6149e-05 3.54106e-05 3.46372e-05 3.38297e-05 3.29887e-05 3.21152e-05 3.121e-05 3.0274e-05 2.93082e-05 2.83134e-05 2.72907e-05 2.6241e-05 2.51654e-05 2.4065e-05 2.29409e-05 2.17941e-05 2.06258e-05 1.94371e-05 1.82293e-05 1.70035e-05 1.57609e-05 1.45027e-05 1.32302e-05 1.19447e-05 1.06474e-05 9.33958e-06 8.02254e-06 6.69758e-06 5.36601e-06 4.02915e-06 2.68831e-06 1.34482e-06 0 
0 1.37286e-06 2.74437e-06 4.11317e-06 5.47791e-06 6.83725e-06 8.18983e-06 9.53434e-06 1.08694e-05 1.21938e-05 1.35061e-05 1.48051e-05 1.60895e-05 1.73581e-05 1.86094e-05 1.98425e-05 2.10559e-05 2.22486e-05 2.34193e-05 2.45669e-05 2.56902e-05 2.67882e-05 2.78598e-05 2.89038e-05 2.99194e-05 3.09054e-05 3.18609e-05 3.27849e-05 3.36767e-05 3.45351e-05 3.53595e-05 3.6149e-05 3.69029e-05 3.76203e-05 3.83005e-05 3.8943e-05 3.95471e-05 4.01121e-05 4.06375e-05 4.11229e-05 4.15676e-05 4.19713e-05 4.23337e-05 4.26542e-05 4.29326e-05 4.31687e-05 4.33621e-05 4.35128e-05 4.36205e-05 4.36852e-05 4.37068e-05 4.36852e-05 4.36205e-05 4.35128e-05 4.33621e-05 4.31687e-05 4.29326e-05 4.26542e-05 4.23337e-05 4.19713e-05 4.15676e-05 4.11229e-05 4.06375e-05 4.01121e-05 3.95471e-05 3.8943e-05 3.83005e-05 3.76203e-05 3.69029e-05 3.6149e-05 3.53595e-05 3.45351e-05 3.36767e-05 3.27849e-05 3.18609e-05 3.09054e-05 2.99194e-05 2.89038e-05 2.78598e-05 2.67882e-05 2.56902e-05 2.45669e-05 2.34193e-05 2.22486e-05 2.10559e-05 1.98425e-05 1.86094e-05 1.73581e-05 1.60895e-05 1.48051e-05 1.35061e-05 1.21938e-05 1.08694e-05 9.53434e-06 8.18983e-06 6.83725e-06 5.47791e-06 4.11317e-06 2.74437e-06 1.37286e-06 0 
0 1.39955e-06 2.79772e-06 4.19313e-06 5.58441e-06 6.97017e-06 8.34905e-06 9.71969e-06 1.10807e-05 1.24309e-05 1.37687e-05 1.5093e-05 1.64023e-05 1.76955e-05 1.89712e-05 2.02282e-05 2.14652e-05 2.26811e-05 2.38745e-05 2.50444e-05 2.61896e-05 2.7309e-05 2.84014e-05 2.94657e-05 3.0501e-05 3.15062e-05 3.24803e-05 3.34223e-05 3.43313e-05 3.52065e-05 3.60469e-05 3.68518e-05 3.76203e-05 3.83516e-05 3.90451e-05 3.97001e-05 4.03159e-05 4.08919e-05 4.14276e-05 4.19223e-05 4.23757e-05 4.27873e-05 4.31566e-05 4.34834e-05 4.37672e-05 4.40079e-05 4.42051e-05 4.43587e-05 4.44685e-05 4.45345e-05 4.45565e-05 4.45345e-05 4.44685e-05 4.43587e-05 4.42051e-05 4.40079e-05 4.37672e-05 4.34834e-05 4.31566e-05 4.27873e-05 4.23757e-05 4.19223e-05 4.14276e-05 4.08919e-05 4.03159e-05 3.97001e-05 3.90451e-05 3.83516e-05 3.76203e-05 3.68518e-05 3.60469e-05 3.52065e-05 3.43313e-05 3.34223e-05 3.24803e-05 3.15062e-05 3.0501e-05 2.94657e-05 2.84014e-05 2.7309e-05 2.61896e-05 2.50444e-05 2.38745e-05 2.26811e-05 2.14652e-05 2.02282e-05 1.89712e-05 1.76955e-05 1.64023e-05 1.5093e-05 1.37687e-05 1.24309e-05 1.10807e-05 9.71969e-06 8.34905e-06 6.97017e-06 5.58441e-06 4.19313e-06 2.79772e-06 1.39955e-06 0 
