101 101
0 0 0 0 0 0 0 0 0 0 0 0 0 0 0 0 0 0 0 0 0 0 0 0 0 0 0 0 0 0 0 0 0 0 0 0 0 0 0 0 0 0 0 0 0 0 0 0 0 0 0 0 0 0 0 0 0 0 0 0 0 0 0 0 0 0 0 0 0 0 0 0 0 0 0 0 0 0 0 0 0 0 0 0 0 0 0 0 0 0 0 0 0 0 0 0 0 0 0 0 0 
0 4.14278e-11 8.28147e-11 1.2412e-10 1.65303e-10 2.06322e-10 2.47138e-10 2.8771e-10 3.27998e-10 3.67963e-10 4.07564e-10 4.46763e-10 4.85521e-10 5.238e-10 5.61563e-10 5.9877e-10 6.35387e-10 6.71377e-10 7.06705e-10 7.41335e-10 7.75233e-10 8.08366e-10 8.40702e-10 8.72208e-10 9.02853e-10 9.32607e-10 9.61441e-10 9.89325e-10 1.01623e-09 1.04214e-09 1.06702e-09 1.09084e-09 1.11359e-09 1.13524e-09 1.15577e-09 1.17515e-09 1.19338e-09 1.21043e-09 1.22629e-09 1.24093e-09 1.25435e-09 1.26654e-09 1.27747e-09 1.28714e-09 1.29554e-09 1.30267e-09 1.30851e-09 1.31305e-09 1.3163e-09 1.31825e-09 1.31891e-09 1.31825e-09 1.3163e-09 1.31305e-09 1.30851e-09 1.30267e-09 1.29554e-09 1.28714e-09 1.27747e-09 1.26654e-09 1.25435e-09 1.24093e-09 1.22629e-09 1.21043e-09 1.19338e-09 1.17515e-09 1.15577e-09 1.13524e-09 1.11359e-09 1.09084e-09 1.06702e-09 1.04214e-09 1.01623e-09 9.89325e-10 9.61441e-10 9.32607e-10 9.02853e-10 8.72208e-10 8.40702e-10 8.08366e-10 7.75233e-10 7.41335e-10 7.06705e-10 6.71377e-10 6.35387e-10 5.9877e-10 5.61563e-10 5.238e-10 4.85521e-10 4.46763e-10 4.07564e-10 3.67963e-10 3.27998e-10 2.8771e-10 2.47138e-10 2.06322e-10 1.65303e-10 1.2412e-10 8.28147e-11 4.14278e-11 0 
0 8.28147e-11 1.65548e-10 2.48117e-10 3.30442e-10 4.12441e-10 4.94032e-10 5.75137e-10 6.55673e-10 7.35563e-10 8.14726e-10 8.93086e-10 9.70564e-10 1.04708e-09 1.12257e-09 1.19695e-09 1.27015e-09 1.34209e-09 1.41271e-09 1.48194e-09 1.5497e-09 1.61593e-09 1.68057e-09 1.74355e-09 1.80481e-09 1.86429e-09 1.92193e-09 1.97767e-09 2.03146e-09 2.08325e-09 2.13298e-09 2.18061e-09 2.22608e-09 2.26935e-09 2.31039e-09 2.34915e-09 2.38558e-09 2.41967e-09 2.45136e-09 2.48064e-09 2.50747e-09 2.53182e-09 2.55368e-09 2.57301e-09 2.58981e-09 2.60405e-09 2.61572e-09 2.62481e-09 2.63131e-09 2.63521e-09 2.63651e-09 2.63521e-09 2.63131e-09 2.62481e-09 2.61572e-09 2.60405e-09 2.58981e-09 2.57301e-09 2.55368e-09 2.53182e-09 2.50747e-09 2.48064e-09 2.45136e-09 2.41967e-09 2.38558e-09 2.34915e-09 2.31039e-09 2.26935e-09 2.22608e-09 2.18061e-09 2.13298e-09 2.08325e-09 2.03146e-09 1.97767e-09 1.92193e-09 1.86429e-09 1.80481e-09 1.74355e-09 1.68057e-09 1.61593e-09 1.5497e-09 1.48194e-09 1.41271e-09 1.34209e-09 1.27015e-09 1.19695e-09 1.12257e-09 1.04708e-09 9.70564e-10 8.93086e-10 8.14726e-10 7.35563e-10 6.55673e-10 5.75137e-10 4.94032e-10 4.12441e-10 3.30442e-10 2.48117e-10 1.65548e-10 8.28147e-11 0 
0 1.2412e-10 2.48117e-10 3.7187e-10 4.95256e-10 6.18152e-10 7.40439e-10 8.61995e-10 9.82701e-10 1.10244e-09 1.22108e-09 1.33853e-09 1.45465e-09 1.56933e-09 1.68247e-09 1.79395e-09 1.90365e-09 2.01148e-09 2.11733e-09 2.22108e-09 2.32264e-09 2.42191e-09 2.51879e-09 2.61318e-09 2.705e-09 2.79414e-09 2.88053e-09 2.96407e-09 3.04469e-09 3.12231e-09 3.19684e-09 3.26822e-09 3.33637e-09 3.40123e-09 3.46274e-09 3.52082e-09 3.57543e-09 3.62652e-09 3.67402e-09 3.7179e-09 3.75811e-09 3.79461e-09 3.82737e-09 3.85635e-09 3.88152e-09 3.90286e-09 3.92035e-09 3.93397e-09 3.94371e-09 3.94956e-09 3.95151e-09 3.94956e-09 3.94371e-09 3.93397e-09 3.92035e-09 3.90286e-09 3.88152e-09 3.85635e-09 3.82737e-09 3.79461e-09 3.75811e-09 3.7179e-09 3.67402e-09 3.62652e-09 3.57543e-09 3.52082e-09 3.46274e-09 3.40123e-09 3.33637e-09 3.26822e-09 3.19684e-09 3.12231e-09 3.04469e-09 2.96407e-09 2.88053e-09 2.79414e-09 2.705e-09 2.61318e-09 2.51879e-09 2.42191e-09 2.32264e-09 2.22108e-09 2.11733e-09 2.01148e-09 1.90365e-09 1.79395e-09 1.68247e-09 1.56933e-09 1.45465e-09 1.33853e-09 1.22108e-09 1.10244e-09 9.82701e-10 8.61995e-10 7.40439e-10 6.18152e-10 4.95256e-10 3.7187e-10 2.48117e-10 1.2412e-10 0 
0 1.65303e-10 3.30442e-10 4.95256e-10 6.5958e-10 8.23254e-10 9.86115e-10 1.148e-09 1.30876e-09 1.46822e-09 1.62624e-09 1.78265e-09 1.9373e-09 2.09004e-09 2.24071e-09 2.38918e-09 2.53528e-09 2.67889e-09 2.81985e-09 2.95803e-09 3.09329e-09 3.22549e-09 3.35452e-09 3.48023e-09 3.60251e-09 3.72123e-09 3.83628e-09 3.94754e-09 4.05491e-09 4.15828e-09 4.25754e-09 4.3526e-09 4.44337e-09 4.52975e-09 4.61166e-09 4.68902e-09 4.76175e-09 4.82979e-09 4.89305e-09 4.95149e-09 5.00504e-09 5.05365e-09 5.09728e-09 5.13587e-09 5.1694e-09 5.19782e-09 5.22112e-09 5.23926e-09 5.25223e-09 5.26002e-09 5.26261e-09 5.26002e-09 5.25223e-09 5.23926e-09 5.22112e-09 5.19782e-09 5.1694e-09 5.13587e-09 5.09728e-09 5.05365e-09 5.00504e-09 4.95149e-09 4.89305e-09 4.82979e-09 4.76175e-09 4.68902e-09 4.61166e-09 4.52975e-09 4.44337e-09 4.3526e-09 4.25754e-09 4.15828e-09 4.05491e-09 3.94754e-09 3.83628e-09 3.72123e-09 3.60251e-09 3.48023e-09 3.35452e-09 3.22549e-09 3.09329e-09 2.95803e-09 2.81985e-09 2.67889e-09 2.53528e-09 2.38918e-09 2.24071e-09 2.09004e-09 1.9373e-09 1.78265e-09 1.62624e-09 1.46822e-09 1.30876e-09 1.148e-09 9.86115e-10 8.23254e-10 6.5958e-10 4.95256e-10 3.30442e-10 1.65303e-10 0 
0 2.06322e-10 4.12441e-10 6.18152e-10 8.23254e-10 1.02754e-09 1.23082e-09 1.43288e-09 1.63352e-09 1.83256e-09 2.02978e-09 2.22501e-09 2.41803e-09 2.60867e-09 2.79674e-09 2.98205e-09 3.16441e-09 3.34365e-09 3.51959e-09 3.69206e-09 3.86088e-09 4.02589e-09 4.18693e-09 4.34384e-09 4.49646e-09 4.64465e-09 4.78825e-09 4.92712e-09 5.06113e-09 5.19015e-09 5.31405e-09 5.4327e-09 5.54599e-09 5.6538e-09 5.75604e-09 5.8526e-09 5.94338e-09 6.02829e-09 6.10726e-09 6.1802e-09 6.24703e-09 6.30771e-09 6.36216e-09 6.41033e-09 6.45217e-09 6.48765e-09 6.51673e-09 6.53937e-09 6.55556e-09 6.56528e-09 6.56852e-09 6.56528e-09 6.55556e-09 6.53937e-09 6.51673e-09 6.48765e-09 6.45217e-09 6.41033e-09 6.36216e-09 6.30771e-09 6.24703e-09 6.1802e-09 6.10726e-09 6.02829e-09 5.94338e-09 5.8526e-09 5.75604e-09 5.6538e-09 5.54599e-09 5.4327e-09 5.31405e-09 5.19015e-09 5.06113e-09 4.92712e-09 4.78825e-09 4.64465e-09 4.49646e-09 4.34384e-09 4.18693e-09 4.02589e-09 3.86088e-09 3.69206e-09 3.51959e-09 3.34365e-09 3.16441e-09 2.98205e-09 2.79674e-09 2.60867e-09 2.41803e-09 2.22501e-09 2.02978e-09 1.83256e-09 1.63352e-09 1.43288e-09 1.23082e-09 1.02754e-09 8.23254e-10 6.18152e-10 4.12441e-10 2.06322e-10 0 
0 2.47138e-10 4.94032e-10 7.40439e-10 9.86115e-10 1.23082e-09 1.47431e-09 1.71634e-09 1.95668e-09 2.19509e-09 2.43133e-09 2.66517e-09 2.89638e-09 3.12474e-09 3.35001e-09 3.57197e-09 3.79041e-09 4.00511e-09 4.21586e-09 4.42244e-09 4.62466e-09 4.82232e-09 5.01522e-09 5.20317e-09 5.38598e-09 5.56348e-09 5.73549e-09 5.90183e-09 6.06236e-09 6.2169e-09 6.3653e-09 6.50743e-09 6.64313e-09 6.77227e-09 6.89473e-09 7.01039e-09 7.11913e-09 7.22084e-09 7.31543e-09 7.4028e-09 7.48286e-09 7.55554e-09 7.62076e-09 7.67846e-09 7.72858e-09 7.77108e-09 7.80591e-09 7.83303e-09 7.85242e-09 7.86406e-09 7.86795e-09 7.86406e-09 7.85242e-09 7.83303e-09 7.80591e-09 7.77108e-09 7.72858e-09 7.67846e-09 7.62076e-09 7.55554e-09 7.48286e-09 7.4028e-09 7.31543e-09 7.22084e-09 7.11913e-09 7.01039e-09 6.89473e-09 6.77227e-09 6.64313e-09 6.50743e-09 6.3653e-09 6.2169e-09 6.06236e-09 5.90183e-09 5.73549e-09 5.56348e-09 5.38598e-09 5.20317e-09 5.01522e-09 4.82232e-09 4.62466e-09 4.42244e-09 4.21586e-09 4.00511e-09 3.79041e-09 3.57197e-09 3.35001e-09 3.12474e-09 2.89638e-09 2.66517e-09 2.43133e-09 2.19509e-09 1.95668e-09 1.71634e-09 1.47431e-09 1.23082e-09 9.86115e-10 7.40439e-10 4.94032e-10 2.47138e-10 0 
0 2.8771e-10 5.75137e-10 8.61995e-10 1.148e-09 1.43288e-09 1.71634e-09 1.99811e-09 2.2779e-09 2.55545e-09 2.83047e-09 3.10271e-09 3.37188e-09 3.63772e-09 3.89997e-09 4.15838e-09 4.41268e-09 4.66262e-09 4.90796e-09 5.14846e-09 5.38388e-09 5.61399e-09 5.83855e-09 6.05736e-09 6.27018e-09 6.47682e-09 6.67707e-09 6.87072e-09 7.0576e-09 7.23751e-09 7.41028e-09 7.57573e-09 7.73371e-09 7.88406e-09 8.02663e-09 8.16127e-09 8.28786e-09 8.40627e-09 8.51639e-09 8.6181e-09 8.71131e-09 8.79591e-09 8.87184e-09 8.93902e-09 8.99737e-09 9.04684e-09 9.08738e-09 9.11896e-09 9.14153e-09 9.15509e-09 9.15961e-09 9.15509e-09 9.14153e-09 9.11896e-09 9.08738e-09 9.04684e-09 8.99737e-09 8.93902e-09 8.87184e-09 8.79591e-09 8.71131e-09 8.6181e-09 8.51639e-09 8.40627e-09 8.28786e-09 8.16127e-09 8.02663e-09 7.88406e-09 7.73371e-09 7.57573e-09 7.41028e-09 7.23751e-09 7.0576e-09 6.87072e-09 6.67707e-09 6.47682e-09 6.27018e-09 6.05736e-09 5.83855e-09 5.61399e-09 5.38388e-09 5.14846e-09 4.90796e-09 4.66262e-09 4.41268e-09 4.15838e-09 3.89997e-09 3.63772e-09 3.37188e-09 3.10271e-09 2.83047e-09 2.55545e-09 2.2779e-09 1.99811e-09 1.71634e-09 1.43288e-09 1.148e-09 8.61995e-10 5.75137e-10 2.8771e-10 0 
0 3.27998e-10 6.55673e-10 9.82701e-10 1.30876e-09 1.63352e-09 1.95668e-09 2.2779e-09 2.59688e-09 2.91329e-09 3.22683e-09 3.53718e-09 3.84404e-09 4.14711e-09 4.44609e-09 4.74067e-09 5.03058e-09 5.31553e-09 5.59523e-09 5.8694e-09 6.13779e-09 6.40012e-09 6.65613e-09 6.90557e-09 7.1482e-09 7.38377e-09 7.61206e-09 7.83283e-09 8.04588e-09 8.25098e-09 8.44794e-09 8.63657e-09 8.81667e-09 8.98807e-09 9.1506e-09 9.3041e-09 9.44841e-09 9.58341e-09 9.70894e-09 9.82489e-09 9.93115e-09 1.00276e-08 1.01142e-08 1.01907e-08 1.02573e-08 1.03137e-08 1.03599e-08 1.03959e-08 1.04216e-08 1.04371e-08 1.04422e-08 1.04371e-08 1.04216e-08 1.03959e-08 1.03599e-08 1.03137e-08 1.02573e-08 1.01907e-08 1.01142e-08 1.00276e-08 9.93115e-09 9.82489e-09 9.70894e-09 9.58341e-09 9.44841e-09 9.3041e-09 9.1506e-09 8.98807e-09 8.81667e-09 8.63657e-09 8.44794e-09 8.25098e-09 8.04588e-09 7.83283e-09 7.61206e-09 7.38377e-09 7.1482e-09 6.90557e-09 6.65613e-09 6.40012e-09 6.13779e-09 5.8694e-09 5.59523e-09 5.31553e-09 5.03058e-09 4.74067e-09 4.44609e-09 4.14711e-09 3.84404e-09 3.53718e-09 3.22683e-09 2.91329e-09 2.59688e-09 2.2779e-09 1.95668e-09 1.63352e-09 1.30876e-09 9.82701e-10 6.55673e-10 3.27998e-10 0 
0 3.67963e-10 7.35563e-10 1.10244e-09 1.46822e-09 1.83256e-09 2.19509e-09 2.55545e-09 2.91329e-09 3.26825e-09 3.61999e-09 3.96816e-09 4.31241e-09 4.65241e-09 4.98781e-09 5.31829e-09 5.64353e-09 5.96319e-09 6.27697e-09 6.58455e-09 6.88564e-09 7.17993e-09 7.46713e-09 7.74697e-09 8.01916e-09 8.28344e-09 8.53954e-09 8.78721e-09 9.02621e-09 9.25631e-09 9.47727e-09 9.68887e-09 9.89092e-09 1.00832e-08 1.02655e-08 1.04377e-08 1.05996e-08 1.07511e-08 1.08919e-08 1.1022e-08 1.11412e-08 1.12494e-08 1.13465e-08 1.14324e-08 1.15071e-08 1.15703e-08 1.16222e-08 1.16626e-08 1.16914e-08 1.17088e-08 1.17145e-08 1.17088e-08 1.16914e-08 1.16626e-08 1.16222e-08 1.15703e-08 1.15071e-08 1.14324e-08 1.13465e-08 1.12494e-08 1.11412e-08 1.1022e-08 1.08919e-08 1.07511e-08 1.05996e-08 1.04377e-08 1.02655e-08 1.00832e-08 9.89092e-09 9.68887e-09 9.47727e-09 9.25631e-09 9.02621e-09 8.78721e-09 8.53954e-09 8.28344e-09 8.01916e-09 7.74697e-09 7.46713e-09 7.17993e-09 6.88564e-09 6.58455e-09 6.27697e-09 5.96319e-09 5.64353e-09 5.31829e-09 4.98781e-09 4.65241e-09 4.31241e-09 3.96816e-09 3.61999e-09 3.26825e-09 2.91329e-09 2.55545e-09 2.19509e-09 1.83256e-09 1.46822e-09 1.10244e-09 7.35563e-10 3.67963e-10 0 
0 4.07564e-10 8.14726e-10 1.22108e-09 1.62624e-09 2.02978e-09 2.43133e-09 2.83047e-09 3.22683e-09 3.61999e-09 4.00959e-09 4.39523e-09 4.77653e-09 5.15311e-09 5.52462e-09 5.89066e-09 6.2509e-09 6.60497e-09 6.95252e-09 7.2932e-09 7.62669e-09 7.95265e-09 8.27077e-09 8.58072e-09 8.88221e-09 9.17492e-09 9.45859e-09 9.73292e-09 9.99764e-09 1.02525e-08 1.04972e-08 1.07316e-08 1.09554e-08 1.11684e-08 1.13703e-08 1.15611e-08 1.17404e-08 1.19081e-08 1.20641e-08 1.22082e-08 1.23402e-08 1.24601e-08 1.25677e-08 1.26628e-08 1.27455e-08 1.28156e-08 1.2873e-08 1.29177e-08 1.29497e-08 1.29689e-08 1.29753e-08 1.29689e-08 1.29497e-08 1.29177e-08 1.2873e-08 1.28156e-08 1.27455e-08 1.26628e-08 1.25677e-08 1.24601e-08 1.23402e-08 1.22082e-08 1.20641e-08 1.19081e-08 1.17404e-08 1.15611e-08 1.13703e-08 1.11684e-08 1.09554e-08 1.07316e-08 1.04972e-08 1.02525e-08 9.99764e-09 9.73292e-09 9.45859e-09 9.17492e-09 8.88221e-09 8.58072e-09 8.27077e-09 7.95265e-09 7.62669e-09 7.2932e-09 6.95252e-09 6.60497e-09 6.2509e-09 5.89066e-09 5.52462e-09 5.15311e-09 4.77653e-09 4.39523e-09 4.00959e-09 3.61999e-09 3.22683e-09 2.83047e-09 2.43133e-09 2.02978e-09 1.62624e-09 1.22108e-09 8.14726e-10 4.07564e-10 0 
0 4.46763e-10 8.93086e-10 1.33853e-09 1.78265e-09 2.22501e-09 2.66517e-09 3.10271e-09 3.53718e-09 3.96816e-09 4.39523e-09 4.81796e-09 5.23593e-09 5.64874e-09 6.05597e-09 6.45722e-09 6.8521e-09 7.24023e-09 7.6212e-09 7.99465e-09 8.36022e-09 8.71753e-09 9.06624e-09 9.40601e-09 9.73649e-09 1.00574e-08 1.03683e-08 1.0669e-08 1.09592e-08 1.12386e-08 1.15069e-08 1.17638e-08 1.20091e-08 1.22426e-08 1.24639e-08 1.2673e-08 1.28696e-08 1.30535e-08 1.32244e-08 1.33824e-08 1.35271e-08 1.36585e-08 1.37764e-08 1.38807e-08 1.39713e-08 1.40481e-08 1.41111e-08 1.41601e-08 1.41952e-08 1.42162e-08 1.42233e-08 1.42162e-08 1.41952e-08 1.41601e-08 1.41111e-08 1.40481e-08 1.39713e-08 1.38807e-08 1.37764e-08 1.36585e-08 1.35271e-08 1.33824e-08 1.32244e-08 1.30535e-08 1.28696e-08 1.2673e-08 1.24639e-08 1.22426e-08 1.20091e-08 1.17638e-08 1.15069e-08 1.12386e-08 1.09592e-08 1.0669e-08 1.03683e-08 1.00574e-08 9.73649e-09 9.40601e-09 9.06624e-09 8.71753e-09 8.36022e-09 7.99465e-09 7.6212e-09 7.24023e-09 6.8521e-09 6.45722e-09 6.05597e-09 5.64874e-09 5.23593e-09 4.81796e-09 4.39523e-09 3.96816e-09 3.53718e-09 3.10271e-09 2.66517e-09 2.22501e-09 1.78265e-09 1.33853e-09 8.93086e-10 4.46763e-10 0 
0 4.85521e-10 9.70564e-10 1.45465e-09 1.9373e-09 2.41803e-09 2.89638e-09 3.37188e-09 3.84404e-09 4.31241e-09 4.77653e-09 5.23593e-09 5.69016e-09 6.13878e-09 6.58134e-09 7.01741e-09 7.44655e-09 7.86834e-09 8.28237e-09 8.68822e-09 9.0855e-09 9.47381e-09 9.85277e-09 1.0222e-08 1.05812e-08 1.09299e-08 1.12678e-08 1.15946e-08 1.191e-08 1.22136e-08 1.25051e-08 1.27843e-08 1.30509e-08 1.33046e-08 1.35452e-08 1.37724e-08 1.39861e-08 1.41859e-08 1.43717e-08 1.45434e-08 1.47006e-08 1.48434e-08 1.49716e-08 1.50849e-08 1.51834e-08 1.52669e-08 1.53353e-08 1.53886e-08 1.54267e-08 1.54495e-08 1.54572e-08 1.54495e-08 1.54267e-08 1.53886e-08 1.53353e-08 1.52669e-08 1.51834e-08 1.50849e-08 1.49716e-08 1.48434e-08 1.47006e-08 1.45434e-08 1.43717e-08 1.41859e-08 1.39861e-08 1.37724e-08 1.35452e-08 1.33046e-08 1.30509e-08 1.27843e-08 1.25051e-08 1.22136e-08 1.191e-08 1.15946e-08 1.12678e-08 1.09299e-08 1.05812e-08 1.0222e-08 9.85277e-09 9.47381e-09 9.0855e-09 8.68822e-09 8.28237e-09 7.86834e-09 7.44655e-09 7.01741e-09 6.58134e-09 6.13878e-09 5.69016e-09 5.23593e-09 4.77653e-09 4.31241e-09 3.84404e-09 3.37188e-09 2.89638e-09 2.41803e-09 1.9373e-09 1.45465e-09 9.70564e-10 4.85521e-10 0 
0 5.238e-10 1.04708e-09 1.56933e-09 2.09004e-09 2.60867e-09 3.12474e-09 3.63772e-09 4.14711e-09 4.65241e-09 5.15311e-09 5.64874e-09 6.13878e-09 6.62277e-09 7.10022e-09 7.57067e-09 8.03364e-09 8.48869e-09 8.93536e-09 9.37321e-09 9.80181e-09 1.02207e-08 1.06296e-08 1.10279e-08 1.14154e-08 1.17916e-08 1.21562e-08 1.25087e-08 1.28489e-08 1.31765e-08 1.3491e-08 1.37923e-08 1.40799e-08 1.43536e-08 1.46131e-08 1.48583e-08 1.50887e-08 1.53043e-08 1.55048e-08 1.569e-08 1.58597e-08 1.60137e-08 1.61519e-08 1.62742e-08 1.63805e-08 1.64705e-08 1.65443e-08 1.66018e-08 1.66429e-08 1.66676e-08 1.66758e-08 1.66676e-08 1.66429e-08 1.66018e-08 1.65443e-08 1.64705e-08 1.63805e-08 1.62742e-08 1.61519e-08 1.60137e-08 1.58597e-08 1.569e-08 1.55048e-08 1.53043e-08 1.50887e-08 1.48583e-08 1.46131e-08 1.43536e-08 1.40799e-08 1.37923e-08 1.3491e-08 1.31765e-08 1.28489e-08 1.25087e-08 1.21562e-08 1.17916e-08 1.14154e-08 1.10279e-08 1.06296e-08 1.02207e-08 9.80181e-09 9.37321e-09 8.93536e-09 8.48869e-09 8.03364e-09 7.57067e-09 7.10022e-09 6.62277e-09 6.13878e-09 5.64874e-09 5.15311e-09 4.65241e-09 4.14711e-09 3.63772e-09 3.12474e-09 2.60867e-09 2.09004e-09 1.56933e-09 1.04708e-09 5.238e-10 0 
0 5.61563e-10 1.12257e-09 1.68247e-09 2.24071e-09 2.79674e-09 3.35001e-09 3.89997e-09 4.44609e-09 4.98781e-09 5.52462e-09 6.05597e-09 6.58134e-09 7.10022e-09 7.6121e-09 8.11646e-09 8.61281e-09 9.10066e-09 9.57953e-09 1.00489e-08 1.05084e-08 1.09576e-08 1.13959e-08 1.1823e-08 1.22384e-08 1.26417e-08 1.30325e-08 1.34105e-08 1.37753e-08 1.41264e-08 1.44636e-08 1.47866e-08 1.50949e-08 1.53884e-08 1.56666e-08 1.59294e-08 1.61765e-08 1.64076e-08 1.66226e-08 1.68211e-08 1.7003e-08 1.71682e-08 1.73164e-08 1.74475e-08 1.75614e-08 1.76579e-08 1.77371e-08 1.77987e-08 1.78428e-08 1.78692e-08 1.7878e-08 1.78692e-08 1.78428e-08 1.77987e-08 1.77371e-08 1.76579e-08 1.75614e-08 1.74475e-08 1.73164e-08 1.71682e-08 1.7003e-08 1.68211e-08 1.66226e-08 1.64076e-08 1.61765e-08 1.59294e-08 1.56666e-08 1.53884e-08 1.50949e-08 1.47866e-08 1.44636e-08 1.41264e-08 1.37753e-08 1.34105e-08 1.30325e-08 1.26417e-08 1.22384e-08 1.1823e-08 1.13959e-08 1.09576e-08 1.05084e-08 1.00489e-08 9.57953e-09 9.10066e-09 8.61281e-09 8.11646e-09 7.6121e-09 7.10022e-09 6.58134e-09 6.05597e-09 5.52462e-09 4.98781e-09 4.44609e-09 3.89997e-09 3.35001e-09 2.79674e-09 2.24071e-09 1.68247e-09 1.12257e-09 5.61563e-10 0 
0 5.9877e-10 1.19695e-09 1.79395e-09 2.38918e-09 2.98205e-09 3.57197e-09 4.15838e-09 4.74067e-09 5.31829e-09 5.89066e-09 6.45722e-09 7.01741e-09 7.57067e-09 8.11646e-09 8.65424e-09 9.18347e-09 9.70365e-09 1.02142e-08 1.07148e-08 1.12047e-08 1.16836e-08 1.2151e-08 1.26063e-08 1.30492e-08 1.34793e-08 1.3896e-08 1.42991e-08 1.4688e-08 1.50624e-08 1.5422e-08 1.57663e-08 1.60951e-08 1.6408e-08 1.67047e-08 1.69849e-08 1.72483e-08 1.74948e-08 1.77239e-08 1.79356e-08 1.81296e-08 1.83057e-08 1.84637e-08 1.86035e-08 1.87249e-08 1.88279e-08 1.89123e-08 1.8978e-08 1.9025e-08 1.90532e-08 1.90626e-08 1.90532e-08 1.9025e-08 1.8978e-08 1.89123e-08 1.88279e-08 1.87249e-08 1.86035e-08 1.84637e-08 1.83057e-08 1.81296e-08 1.79356e-08 1.77239e-08 1.74948e-08 1.72483e-08 1.69849e-08 1.67047e-08 1.6408e-08 1.60951e-08 1.57663e-08 1.5422e-08 1.50624e-08 1.4688e-08 1.42991e-08 1.3896e-08 1.34793e-08 1.30492e-08 1.26063e-08 1.2151e-08 1.16836e-08 1.12047e-08 1.07148e-08 1.02142e-08 9.70365e-09 9.18347e-09 8.65424e-09 8.11646e-09 7.57067e-09 7.01741e-09 6.45722e-09 5.89066e-09 5.31829e-09 4.74067e-09 4.15838e-09 3.57197e-09 2.98205e-09 2.38918e-09 1.79395e-09 1.19695e-09 5.9877e-10 0 
0 6.35387e-10 1.27015e-09 1.90365e-09 2.53528e-09 3.16441e-09 3.79041e-09 4.41268e-09 5.03058e-09 5.64353e-09 6.2509e-09 6.8521e-09 7.44655e-09 8.03364e-09 8.61281e-09 9.18347e-09 9.74508e-09 1.02971e-08 1.08389e-08 1.137e-08 1.18899e-08 1.23981e-08 1.2894e-08 1.33772e-08 1.38472e-08 1.43036e-08 1.47458e-08 1.51735e-08 1.55862e-08 1.59835e-08 1.63651e-08 1.67305e-08 1.70794e-08 1.74114e-08 1.77262e-08 1.80236e-08 1.83031e-08 1.85647e-08 1.88078e-08 1.90325e-08 1.92383e-08 1.94251e-08 1.95928e-08 1.97412e-08 1.987e-08 1.99793e-08 2.00688e-08 2.01386e-08 2.01884e-08 2.02184e-08 2.02283e-08 2.02184e-08 2.01884e-08 2.01386e-08 2.00688e-08 1.99793e-08 1.987e-08 1.97412e-08 1.95928e-08 1.94251e-08 1.92383e-08 1.90325e-08 1.88078e-08 1.85647e-08 1.83031e-08 1.80236e-08 1.77262e-08 1.74114e-08 1.70794e-08 1.67305e-08 1.63651e-08 1.59835e-08 1.55862e-08 1.51735e-08 1.47458e-08 1.43036e-08 1.38472e-08 1.33772e-08 1.2894e-08 1.23981e-08 1.18899e-08 1.137e-08 1.08389e-08 1.02971e-08 9.74508e-09 9.18347e-09 8.61281e-09 8.03364e-09 7.44655e-09 6.8521e-09 6.2509e-09 5.64353e-09 5.03058e-09 4.41268e-09 3.79041e-09 3.16441e-09 2.53528e-09 1.90365e-09 1.27015e-09 6.35387e-10 0 
0 6.71377e-10 1.34209e-09 2.01148e-09 2.67889e-09 3.34365e-09 4.00511e-09 4.66262e-09 5.31553e-09 5.96319e-09 6.60497e-09 7.24023e-09 7.86834e-09 8.48869e-09 9.10066e-09 9.70365e-09 1.02971e-08 1.08803e-08 1.14528e-08 1.2014e-08 1.25634e-08 1.31003e-08 1.36244e-08 1.4135e-08 1.46316e-08 1.51138e-08 1.55811e-08 1.6033e-08 1.6469e-08 1.68889e-08 1.7292e-08 1.76781e-08 1.80468e-08 1.83976e-08 1.87303e-08 1.90445e-08 1.93399e-08 1.96162e-08 1.98732e-08 2.01105e-08 2.0328e-08 2.05254e-08 2.07026e-08 2.08594e-08 2.09955e-08 2.1111e-08 2.12056e-08 2.12793e-08 2.13319e-08 2.13636e-08 2.13741e-08 2.13636e-08 2.13319e-08 2.12793e-08 2.12056e-08 2.1111e-08 2.09955e-08 2.08594e-08 2.07026e-08 2.05254e-08 2.0328e-08 2.01105e-08 1.98732e-08 1.96162e-08 1.93399e-08 1.90445e-08 1.87303e-08 1.83976e-08 1.80468e-08 1.76781e-08 1.7292e-08 1.68889e-08 1.6469e-08 1.6033e-08 1.55811e-08 1.51138e-08 1.46316e-08 1.4135e-08 1.36244e-08 1.31003e-08 1.25634e-08 1.2014e-08 1.14528e-08 1.08803e-08 1.02971e-08 9.70365e-09 9.10066e-09 8.48869e-09 7.86834e-09 7.24023e-09 6.60497e-09 5.96319e-09 5.31553e-09 4.66262e-09 4.00511e-09 3.34365e-09 2.67889e-09 2.01148e-09 1.34209e-09 6.71377e-10 0 
0 7.06705e-10 1.41271e-09 2.11733e-09 2.81985e-09 3.51959e-09 4.21586e-09 4.90796e-09 5.59523e-09 6.27697e-09 6.95252e-09 7.6212e-09 8.28237e-09 8.93536e-09 9.57953e-09 1.02142e-08 1.08389e-08 1.14528e-08 1.20555e-08 1.26462e-08 1.32245e-08 1.37897e-08 1.43413e-08 1.48787e-08 1.54015e-08 1.59091e-08 1.64009e-08 1.68766e-08 1.73356e-08 1.77775e-08 1.82019e-08 1.86083e-08 1.89964e-08 1.93657e-08 1.97159e-08 2.00466e-08 2.03575e-08 2.06484e-08 2.09189e-08 2.11687e-08 2.13976e-08 2.16055e-08 2.1792e-08 2.1957e-08 2.21003e-08 2.22218e-08 2.23214e-08 2.2399e-08 2.24544e-08 2.24877e-08 2.24988e-08 2.24877e-08 2.24544e-08 2.2399e-08 2.23214e-08 2.22218e-08 2.21003e-08 2.1957e-08 2.1792e-08 2.16055e-08 2.13976e-08 2.11687e-08 2.09189e-08 2.06484e-08 2.03575e-08 2.00466e-08 1.97159e-08 1.93657e-08 1.89964e-08 1.86083e-08 1.82019e-08 1.77775e-08 1.73356e-08 1.68766e-08 1.64009e-08 1.59091e-08 1.54015e-08 1.48787e-08 1.43413e-08 1.37897e-08 1.32245e-08 1.26462e-08 1.20555e-08 1.14528e-08 1.08389e-08 1.02142e-08 9.57953e-09 8.93536e-09 8.28237e-09 7.6212e-09 6.95252e-09 6.27697e-09 5.59523e-09 4.90796e-09 4.21586e-09 3.51959e-09 2.81985e-09 2.11733e-09 1.41271e-09 7.06705e-10 0 
0 7.41335e-10 1.48194e-09 2.22108e-09 2.95803e-09 3.69206e-09 4.42244e-09 5.14846e-09 5.8694e-09 6.58455e-09 7.2932e-09 7.99465e-09 8.68822e-09 9.37321e-09 1.00489e-08 1.07148e-08 1.137e-08 1.2014e-08 1.26462e-08 1.32659e-08 1.38725e-08 1.44654e-08 1.5044e-08 1.56078e-08 1.61562e-08 1.66886e-08 1.72046e-08 1.77036e-08 1.81851e-08 1.86487e-08 1.90939e-08 1.95202e-08 1.99272e-08 2.03146e-08 2.0682e-08 2.10289e-08 2.13551e-08 2.16602e-08 2.19439e-08 2.2206e-08 2.24462e-08 2.26642e-08 2.28598e-08 2.30329e-08 2.31833e-08 2.33107e-08 2.34152e-08 2.34966e-08 2.35547e-08 2.35897e-08 2.36013e-08 2.35897e-08 2.35547e-08 2.34966e-08 2.34152e-08 2.33107e-08 2.31833e-08 2.30329e-08 2.28598e-08 2.26642e-08 2.24462e-08 2.2206e-08 2.19439e-08 2.16602e-08 2.13551e-08 2.10289e-08 2.0682e-08 2.03146e-08 1.99272e-08 1.95202e-08 1.90939e-08 1.86487e-08 1.81851e-08 1.77036e-08 1.72046e-08 1.66886e-08 1.61562e-08 1.56078e-08 1.5044e-08 1.44654e-08 1.38725e-08 1.32659e-08 1.26462e-08 1.2014e-08 1.137e-08 1.07148e-08 1.00489e-08 9.37321e-09 8.68822e-09 7.99465e-09 7.2932e-09 6.58455e-09 5.8694e-09 5.14846e-09 4.42244e-09 3.69206e-09 2.95803e-09 2.22108e-09 1.48194e-09 7.41335e-10 0 
0 7.75233e-10 1.5497e-09 2.32264e-09 3.09329e-09 3.86088e-09 4.62466e-09 5.38388e-09 6.13779e-09 6.88564e-09 7.62669e-09 8.36022e-09 9.0855e-09 9.80181e-09 1.05084e-08 1.12047e-08 1.18899e-08 1.25634e-08 1.32245e-08 1.38725e-08 1.45068e-08 1.51268e-08 1.57319e-08 1.63215e-08 1.6895e-08 1.74517e-08 1.79913e-08 1.85131e-08 1.90166e-08 1.95014e-08 1.99669e-08 2.04128e-08 2.08384e-08 2.12435e-08 2.16277e-08 2.19905e-08 2.23316e-08 2.26506e-08 2.29473e-08 2.32214e-08 2.34725e-08 2.37005e-08 2.39051e-08 2.40861e-08 2.42433e-08 2.43766e-08 2.44859e-08 2.4571e-08 2.46318e-08 2.46683e-08 2.46805e-08 2.46683e-08 2.46318e-08 2.4571e-08 2.44859e-08 2.43766e-08 2.42433e-08 2.40861e-08 2.39051e-08 2.37005e-08 2.34725e-08 2.32214e-08 2.29473e-08 2.26506e-08 2.23316e-08 2.19905e-08 2.16277e-08 2.12435e-08 2.08384e-08 2.04128e-08 1.99669e-08 1.95014e-08 1.90166e-08 1.85131e-08 1.79913e-08 1.74517e-08 1.6895e-08 1.63215e-08 1.57319e-08 1.51268e-08 1.45068e-08 1.38725e-08 1.32245e-08 1.25634e-08 1.18899e-08 1.12047e-08 1.05084e-08 9.80181e-09 9.0855e-09 8.36022e-09 7.62669e-09 6.88564e-09 6.13779e-09 5.38388e-09 4.62466e-09 3.86088e-09 3.09329e-09 2.32264e-09 1.5497e-09 7.75233e-10 0 
0 8.08366e-10 1.61593e-09 2.42191e-09 3.22549e-09 4.02589e-09 4.82232e-09 5.61399e-09 6.40012e-09 7.17993e-09 7.95265e-09 8.71753e-09 9.47381e-09 1.02207e-08 1.09576e-08 1.16836e-08 1.23981e-08 1.31003e-08 1.37897e-08 1.44654e-08 1.51268e-08 1.57734e-08 1.64043e-08 1.70191e-08 1.7617e-08 1.81976e-08 1.87602e-08 1.93044e-08 1.98294e-08 2.03349e-08 2.08203e-08 2.12852e-08 2.17291e-08 2.21515e-08 2.2552e-08 2.29303e-08 2.3286e-08 2.36187e-08 2.39281e-08 2.42139e-08 2.44758e-08 2.47135e-08 2.49268e-08 2.51155e-08 2.52795e-08 2.54185e-08 2.55324e-08 2.56211e-08 2.56845e-08 2.57226e-08 2.57353e-08 2.57226e-08 2.56845e-08 2.56211e-08 2.55324e-08 2.54185e-08 2.52795e-08 2.51155e-08 2.49268e-08 2.47135e-08 2.44758e-08 2.42139e-08 2.39281e-08 2.36187e-08 2.3286e-08 2.29303e-08 2.2552e-08 2.21515e-08 2.17291e-08 2.12852e-08 2.08203e-08 2.03349e-08 1.98294e-08 1.93044e-08 1.87602e-08 1.81976e-08 1.7617e-08 1.70191e-08 1.64043e-08 1.57734e-08 1.51268e-08 1.44654e-08 1.37897e-08 1.31003e-08 1.23981e-08 1.16836e-08 1.09576e-08 1.02207e-08 9.47381e-09 8.71753e-09 7.95265e-09 7.17993e-09 6.40012e-09 5.61399e-09 4.82232e-09 4.02589e-09 3.22549e-09 2.42191e-09 1.61593e-09 8.08366e-10 0 
0 8.40702e-10 1.68057e-09 2.51879e-09 3.35452e-09 4.18693e-09 5.01522e-09 5.83855e-09 6.65613e-09 7.46713e-09 8.27077e-09 9.06624e-09 9.85277e-09 1.06296e-08 1.13959e-08 1.2151e-08 1.2894e-08 1.36244e-08 1.43413e-08 1.5044e-08 1.57319e-08 1.64043e-08 1.70605e-08 1.76999e-08 1.83217e-08 1.89256e-08 1.95107e-08 2.00766e-08 2.06226e-08 2.11483e-08 2.16532e-08 2.21366e-08 2.25982e-08 2.30376e-08 2.34541e-08 2.38476e-08 2.42175e-08 2.45635e-08 2.48853e-08 2.51825e-08 2.54548e-08 2.5702e-08 2.59239e-08 2.61202e-08 2.62907e-08 2.64353e-08 2.65537e-08 2.6646e-08 2.6712e-08 2.67516e-08 2.67648e-08 2.67516e-08 2.6712e-08 2.6646e-08 2.65537e-08 2.64353e-08 2.62907e-08 2.61202e-08 2.59239e-08 2.5702e-08 2.54548e-08 2.51825e-08 2.48853e-08 2.45635e-08 2.42175e-08 2.38476e-08 2.34541e-08 2.30376e-08 2.25982e-08 2.21366e-08 2.16532e-08 2.11483e-08 2.06226e-08 2.00766e-08 1.95107e-08 1.89256e-08 1.83217e-08 1.76999e-08 1.70605e-08 1.64043e-08 1.57319e-08 1.5044e-08 1.43413e-08 1.36244e-08 1.2894e-08 1.2151e-08 1.13959e-08 1.06296e-08 9.85277e-09 9.06624e-09 8.27077e-09 7.46713e-09 6.65613e-09 5.83855e-09 5.01522e-09 4.18693e-09 3.35452e-09 2.51879e-09 1.68057e-09 8.40702e-10 0 
0 8.72208e-10 1.74355e-09 2.61318e-09 3.48023e-09 4.34384e-09 5.20317e-09 6.05736e-09 6.90557e-09 7.74697e-09 8.58072e-09 9.40601e-09 1.0222e-08 1.10279e-08 1.1823e-08 1.26063e-08 1.33772e-08 1.4135e-08 1.48787e-08 1.56078e-08 1.63215e-08 1.70191e-08 1.76999e-08 1.83632e-08 1.90084e-08 1.96348e-08 2.02419e-08 2.08289e-08 2.13955e-08 2.19409e-08 2.24646e-08 2.29662e-08 2.34451e-08 2.39009e-08 2.43331e-08 2.47413e-08 2.51251e-08 2.5484e-08 2.58178e-08 2.61262e-08 2.64087e-08 2.66652e-08 2.68954e-08 2.70991e-08 2.7276e-08 2.74259e-08 2.75488e-08 2.76446e-08 2.7713e-08 2.77541e-08 2.77678e-08 2.77541e-08 2.7713e-08 2.76446e-08 2.75488e-08 2.74259e-08 2.7276e-08 2.70991e-08 2.68954e-08 2.66652e-08 2.64087e-08 2.61262e-08 2.58178e-08 2.5484e-08 2.51251e-08 2.47413e-08 2.43331e-08 2.39009e-08 2.34451e-08 2.29662e-08 2.24646e-08 2.19409e-08 2.13955e-08 2.08289e-08 2.02419e-08 1.96348e-08 1.90084e-08 1.83632e-08 1.76999e-08 1.70191e-08 1.63215e-08 1.56078e-08 1.48787e-08 1.4135e-08 1.33772e-08 1.26063e-08 1.1823e-08 1.10279e-08 1.0222e-08 9.40601e-09 8.58072e-09 7.74697e-09 6.90557e-09 6.05736e-09 5.20317e-09 4.34384e-09 3.48023e-09 2.61318e-09 1.74355e-09 8.72208e-10 0 
0 9.02853e-10 1.80481e-09 2.705e-09 3.60251e-09 4.49646e-09 5.38598e-09 6.27018e-09 7.1482e-09 8.01916e-09 8.88221e-09 9.73649e-09 1.05812e-08 1.14154e-08 1.22384e-08 1.30492e-08 1.38472e-08 1.46316e-08 1.54015e-08 1.61562e-08 1.6895e-08 1.7617e-08 1.83217e-08 1.90084e-08 1.96762e-08 2.03247e-08 2.09531e-08 2.15608e-08 2.21472e-08 2.27118e-08 2.32539e-08 2.37731e-08 2.42689e-08 2.47407e-08 2.51881e-08 2.56106e-08 2.60078e-08 2.63794e-08 2.6725e-08 2.70441e-08 2.73366e-08 2.76021e-08 2.78404e-08 2.80512e-08 2.82343e-08 2.83895e-08 2.85168e-08 2.86159e-08 2.86867e-08 2.87292e-08 2.87434e-08 2.87292e-08 2.86867e-08 2.86159e-08 2.85168e-08 2.83895e-08 2.82343e-08 2.80512e-08 2.78404e-08 2.76021e-08 2.73366e-08 2.70441e-08 2.6725e-08 2.63794e-08 2.60078e-08 2.56106e-08 2.51881e-08 2.47407e-08 2.42689e-08 2.37731e-08 2.32539e-08 2.27118e-08 2.21472e-08 2.15608e-08 2.09531e-08 2.03247e-08 1.96762e-08 1.90084e-08 1.83217e-08 1.7617e-08 1.6895e-08 1.61562e-08 1.54015e-08 1.46316e-08 1.38472e-08 1.30492e-08 1.22384e-08 1.14154e-08 1.05812e-08 9.73649e-09 8.88221e-09 8.01916e-09 7.1482e-09 6.27018e-09 5.38598e-09 4.49646e-09 3.60251e-09 2.705e-09 1.80481e-09 9.02853e-10 0 
0 9.32607e-10 1.86429e-09 2.79414e-09 3.72123e-09 4.64465e-09 5.56348e-09 6.47682e-09 7.38377e-09 8.28344e-09 9.17492e-09 1.00574e-08 1.09299e-08 1.17916e-08 1.26417e-08 1.34793e-08 1.43036e-08 1.51138e-08 1.59091e-08 1.66886e-08 1.74517e-08 1.81976e-08 1.89256e-08 1.96348e-08 2.03247e-08 2.09945e-08 2.16436e-08 2.22713e-08 2.28771e-08 2.34602e-08 2.40203e-08 2.45566e-08 2.50687e-08 2.5556e-08 2.60181e-08 2.64546e-08 2.68649e-08 2.72488e-08 2.76057e-08 2.79354e-08 2.82375e-08 2.85118e-08 2.87579e-08 2.89756e-08 2.91648e-08 2.93251e-08 2.94566e-08 2.95589e-08 2.96321e-08 2.9676e-08 2.96907e-08 2.9676e-08 2.96321e-08 2.95589e-08 2.94566e-08 2.93251e-08 2.91648e-08 2.89756e-08 2.87579e-08 2.85118e-08 2.82375e-08 2.79354e-08 2.76057e-08 2.72488e-08 2.68649e-08 2.64546e-08 2.60181e-08 2.5556e-08 2.50687e-08 2.45566e-08 2.40203e-08 2.34602e-08 2.28771e-08 2.22713e-08 2.16436e-08 2.09945e-08 2.03247e-08 1.96348e-08 1.89256e-08 1.81976e-08 1.74517e-08 1.66886e-08 1.59091e-08 1.51138e-08 1.43036e-08 1.34793e-08 1.26417e-08 1.17916e-08 1.09299e-08 1.00574e-08 9.17492e-09 8.28344e-09 7.38377e-09 6.47682e-09 5.56348e-09 4.64465e-09 3.72123e-09 2.79414e-09 1.86429e-09 9.32607e-10 0 
0 9.61441e-10 1.92193e-09 2.88053e-09 3.83628e-09 4.78825e-09 5.73549e-09 6.67707e-09 7.61206e-09 8.53954e-09 9.45859e-09 1.03683e-08 1.12678e-08 1.21562e-08 1.30325e-08 1.3896e-08 1.47458e-08 1.55811e-08 1.64009e-08 1.72046e-08 1.79913e-08 1.87602e-08 1.95107e-08 2.02419e-08 2.09531e-08 2.16436e-08 2.23127e-08 2.29599e-08 2.35844e-08 2.41856e-08 2.47629e-08 2.53158e-08 2.58437e-08 2.63461e-08 2.68226e-08 2.72725e-08 2.76955e-08 2.80912e-08 2.84592e-08 2.87991e-08 2.91105e-08 2.93933e-08 2.9647e-08 2.98715e-08 3.00665e-08 3.02318e-08 3.03673e-08 3.04728e-08 3.05482e-08 3.05935e-08 3.06086e-08 3.05935e-08 3.05482e-08 3.04728e-08 3.03673e-08 3.02318e-08 3.00665e-08 2.98715e-08 2.9647e-08 2.93933e-08 2.91105e-08 2.87991e-08 2.84592e-08 2.80912e-08 2.76955e-08 2.72725e-08 2.68226e-08 2.63461e-08 2.58437e-08 2.53158e-08 2.47629e-08 2.41856e-08 2.35844e-08 2.29599e-08 2.23127e-08 2.16436e-08 2.09531e-08 2.02419e-08 1.95107e-08 1.87602e-08 1.79913e-08 1.72046e-08 1.64009e-08 1.55811e-08 1.47458e-08 1.3896e-08 1.30325e-08 1.21562e-08 1.12678e-08 1.03683e-08 9.45859e-09 8.53954e-09 7.61206e-09 6.67707e-09 5.73549e-09 4.78825e-09 3.83628e-09 2.88053e-09 1.92193e-09 9.61441e-10 0 
0 9.89325e-10 1.97767e-09 2.96407e-09 3.94754e-09 4.92712e-09 5.90183e-09 6.87072e-09 7.83283e-09 8.78721e-09 9.73292e-09 1.0669e-08 1.15946e-08 1.25087e-08 1.34105e-08 1.42991e-08 1.51735e-08 1.6033e-08 1.68766e-08 1.77036e-08 1.85131e-08 1.93044e-08 2.00766e-08 2.08289e-08 2.15608e-08 2.22713e-08 2.29599e-08 2.36258e-08 2.42684e-08 2.4887e-08 2.54811e-08 2.605e-08 2.65933e-08 2.71103e-08 2.76005e-08 2.80635e-08 2.84988e-08 2.8906e-08 2.92846e-08 2.96343e-08 2.99548e-08 3.02458e-08 3.05069e-08 3.07379e-08 3.09385e-08 3.11086e-08 3.1248e-08 3.13566e-08 3.14342e-08 3.14808e-08 3.14964e-08 3.14808e-08 3.14342e-08 3.13566e-08 3.1248e-08 3.11086e-08 3.09385e-08 3.07379e-08 3.05069e-08 3.02458e-08 2.99548e-08 2.96343e-08 2.92846e-08 2.8906e-08 2.84988e-08 2.80635e-08 2.76005e-08 2.71103e-08 2.65933e-08 2.605e-08 2.54811e-08 2.4887e-08 2.42684e-08 2.36258e-08 2.29599e-08 2.22713e-08 2.15608e-08 2.08289e-08 2.00766e-08 1.93044e-08 1.85131e-08 1.77036e-08 1.68766e-08 1.6033e-08 1.51735e-08 1.42991e-08 1.34105e-08 1.25087e-08 1.15946e-08 1.0669e-08 9.73292e-09 8.78721e-09 7.83283e-09 6.87072e-09 5.90183e-09 4.92712e-09 3.94754e-09 2.96407e-09 1.97767e-09 9.89325e-10 0 
0 1.01623e-09 2.03146e-09 3.04469e-09 4.05491e-09 5.06113e-09 6.06236e-09 7.0576e-09 8.04588e-09 9.02621e-09 9.99764e-09 1.09592e-08 1.191e-08 1.28489e-08 1.37753e-08 1.4688e-08 1.55862e-08 1.6469e-08 1.73356e-08 1.81851e-08 1.90166e-08 1.98294e-08 2.06226e-08 2.13955e-08 2.21472e-08 2.28771e-08 2.35844e-08 2.42684e-08 2.49285e-08 2.55639e-08 2.61742e-08 2.67586e-08 2.73166e-08 2.78476e-08 2.83512e-08 2.88268e-08 2.92739e-08 2.96922e-08 3.00811e-08 3.04404e-08 3.07696e-08 3.10684e-08 3.13366e-08 3.15739e-08 3.178e-08 3.19547e-08 3.20979e-08 3.22095e-08 3.22892e-08 3.23371e-08 3.23531e-08 3.23371e-08 3.22892e-08 3.22095e-08 3.20979e-08 3.19547e-08 3.178e-08 3.15739e-08 3.13366e-08 3.10684e-08 3.07696e-08 3.04404e-08 3.00811e-08 2.96922e-08 2.92739e-08 2.88268e-08 2.83512e-08 2.78476e-08 2.73166e-08 2.67586e-08 2.61742e-08 2.55639e-08 2.49285e-08 2.42684e-08 2.35844e-08 2.28771e-08 2.21472e-08 2.13955e-08 2.06226e-08 1.98294e-08 1.90166e-08 1.81851e-08 1.73356e-08 1.6469e-08 1.55862e-08 1.4688e-08 1.37753e-08 1.28489e-08 1.191e-08 1.09592e-08 9.99764e-09 9.02621e-09 8.04588e-09 7.0576e-09 6.06236e-09 5.06113e-09 4.05491e-09 3.04469e-09 2.03146e-09 1.01623e-09 0 
0 1.04214e-09 2.08325e-09 3.12231e-09 4.15828e-09 5.19015e-09 6.2169e-09 7.23751e-09 8.25098e-09 9.25631e-09 1.02525e-08 1.12386e-08 1.22136e-08 1.31765e-08 1.41264e-08 1.50624e-08 1.59835e-08 1.68889e-08 1.77775e-08 1.86487e-08 1.95014e-08 2.03349e-08 2.11483e-08 2.19409e-08 2.27118e-08 2.34602e-08 2.41856e-08 2.4887e-08 2.55639e-08 2.62156e-08 2.68414e-08 2.74407e-08 2.80129e-08 2.85575e-08 2.90739e-08 2.95616e-08 3.00202e-08 3.04491e-08 3.08479e-08 3.12163e-08 3.1554e-08 3.18604e-08 3.21354e-08 3.23788e-08 3.25901e-08 3.27693e-08 3.29162e-08 3.30305e-08 3.31123e-08 3.31614e-08 3.31778e-08 3.31614e-08 3.31123e-08 3.30305e-08 3.29162e-08 3.27693e-08 3.25901e-08 3.23788e-08 3.21354e-08 3.18604e-08 3.1554e-08 3.12163e-08 3.08479e-08 3.04491e-08 3.00202e-08 2.95616e-08 2.90739e-08 2.85575e-08 2.80129e-08 2.74407e-08 2.68414e-08 2.62156e-08 2.55639e-08 2.4887e-08 2.41856e-08 2.34602e-08 2.27118e-08 2.19409e-08 2.11483e-08 2.03349e-08 1.95014e-08 1.86487e-08 1.77775e-08 1.68889e-08 1.59835e-08 1.50624e-08 1.41264e-08 1.31765e-08 1.22136e-08 1.12386e-08 1.02525e-08 9.25631e-09 8.25098e-09 7.23751e-09 6.2169e-09 5.19015e-09 4.15828e-09 3.12231e-09 2.08325e-09 1.04214e-09 0 
0 1.06702e-09 2.13298e-09 3.19684e-09 4.25754e-09 5.31405e-09 6.3653e-09 7.41028e-09 8.44794e-09 9.47727e-09 1.04972e-08 1.15069e-08 1.25051e-08 1.3491e-08 1.44636e-08 1.5422e-08 1.63651e-08 1.7292e-08 1.82019e-08 1.90939e-08 1.99669e-08 2.08203e-08 2.16532e-08 2.24646e-08 2.32539e-08 2.40203e-08 2.47629e-08 2.54811e-08 2.61742e-08 2.68414e-08 2.74821e-08 2.80957e-08 2.86816e-08 2.92392e-08 2.97679e-08 3.02673e-08 3.07368e-08 3.11759e-08 3.15843e-08 3.19615e-08 3.23072e-08 3.2621e-08 3.29026e-08 3.31517e-08 3.33681e-08 3.35516e-08 3.37019e-08 3.3819e-08 3.39028e-08 3.3953e-08 3.39698e-08 3.3953e-08 3.39028e-08 3.3819e-08 3.37019e-08 3.35516e-08 3.33681e-08 3.31517e-08 3.29026e-08 3.2621e-08 3.23072e-08 3.19615e-08 3.15843e-08 3.11759e-08 3.07368e-08 3.02673e-08 2.97679e-08 2.92392e-08 2.86816e-08 2.80957e-08 2.74821e-08 2.68414e-08 2.61742e-08 2.54811e-08 2.47629e-08 2.40203e-08 2.32539e-08 2.24646e-08 2.16532e-08 2.08203e-08 1.99669e-08 1.90939e-08 1.82019e-08 1.7292e-08 1.63651e-08 1.5422e-08 1.44636e-08 1.3491e-08 1.25051e-08 1.15069e-08 1.04972e-08 9.47727e-09 8.44794e-09 7.41028e-09 6.3653e-09 5.31405e-09 4.25754e-09 3.19684e-09 2.13298e-09 1.06702e-09 0 
0 1.09084e-09 2.18061e-09 3.26822e-09 4.3526e-09 5.4327e-09 6.50743e-09 7.57573e-09 8.63657e-09 9.68887e-09 1.07316e-08 1.17638e-08 1.27843e-08 1.37923e-08 1.47866e-08 1.57663e-08 1.67305e-08 1.76781e-08 1.86083e-08 1.95202e-08 2.04128e-08 2.12852e-08 2.21366e-08 2.29662e-08 2.37731e-08 2.45566e-08 2.53158e-08 2.605e-08 2.67586e-08 2.74407e-08 2.80957e-08 2.87231e-08 2.9322e-08 2.98921e-08 3.04326e-08 3.09431e-08 3.14231e-08 3.1872e-08 3.22895e-08 3.26751e-08 3.30285e-08 3.33493e-08 3.36372e-08 3.38919e-08 3.41131e-08 3.43007e-08 3.44544e-08 3.45741e-08 3.46597e-08 3.47111e-08 3.47283e-08 3.47111e-08 3.46597e-08 3.45741e-08 3.44544e-08 3.43007e-08 3.41131e-08 3.38919e-08 3.36372e-08 3.33493e-08 3.30285e-08 3.26751e-08 3.22895e-08 3.1872e-08 3.14231e-08 3.09431e-08 3.04326e-08 2.98921e-08 2.9322e-08 2.87231e-08 2.80957e-08 2.74407e-08 2.67586e-08 2.605e-08 2.53158e-08 2.45566e-08 2.37731e-08 2.29662e-08 2.21366e-08 2.12852e-08 2.04128e-08 1.95202e-08 1.86083e-08 1.76781e-08 1.67305e-08 1.57663e-08 1.47866e-08 1.37923e-08 1.27843e-08 1.17638e-08 1.07316e-08 9.68887e-09 8.63657e-09 7.57573e-09 6.50743e-09 5.4327e-09 4.3526e-09 3.26822e-09 2.18061e-09 1.09084e-09 0 
0 1.11359e-09 2.22608e-09 3.33637e-09 4.44337e-09 5.54599e-09 6.64313e-09 7.73371e-09 8.81667e-09 9.89092e-09 1.09554e-08 1.20091e-08 1.30509e-08 1.40799e-08 1.50949e-08 1.60951e-08 1.70794e-08 1.80468e-08 1.89964e-08 1.99272e-08 2.08384e-08 2.17291e-08 2.25982e-08 2.34451e-08 2.42689e-08 2.50687e-08 2.58437e-08 2.65933e-08 2.73166e-08 2.80129e-08 2.86816e-08 2.9322e-08 2.99335e-08 3.05154e-08 3.10672e-08 3.15884e-08 3.20783e-08 3.25367e-08 3.29629e-08 3.33565e-08 3.37173e-08 3.40448e-08 3.43387e-08 3.45986e-08 3.48245e-08 3.5016e-08 3.51729e-08 3.52951e-08 3.53825e-08 3.5435e-08 3.54525e-08 3.5435e-08 3.53825e-08 3.52951e-08 3.51729e-08 3.5016e-08 3.48245e-08 3.45986e-08 3.43387e-08 3.40448e-08 3.37173e-08 3.33565e-08 3.29629e-08 3.25367e-08 3.20783e-08 3.15884e-08 3.10672e-08 3.05154e-08 2.99335e-08 2.9322e-08 2.86816e-08 2.80129e-08 2.73166e-08 2.65933e-08 2.58437e-08 2.50687e-08 2.42689e-08 2.34451e-08 2.25982e-08 2.17291e-08 2.08384e-08 1.99272e-08 1.89964e-08 1.80468e-08 1.70794e-08 1.60951e-08 1.50949e-08 1.40799e-08 1.30509e-08 1.20091e-08 1.09554e-08 9.89092e-09 8.81667e-09 7.73371e-09 6.64313e-09 5.54599e-09 4.44337e-09 3.33637e-09 2.22608e-09 1.11359e-09 0 
0 1.13524e-09 2.26935e-09 3.40123e-09 4.52975e-09 5.6538e-09 6.77227e-09 7.88406e-09 8.98807e-09 1.00832e-08 1.11684e-08 1.22426e-08 1.33046e-08 1.43536e-08 1.53884e-08 1.6408e-08 1.74114e-08 1.83976e-08 1.93657e-08 2.03146e-08 2.12435e-08 2.21515e-08 2.30376e-08 2.39009e-08 2.47407e-08 2.5556e-08 2.63461e-08 2.71103e-08 2.78476e-08 2.85575e-08 2.92392e-08 2.98921e-08 3.05154e-08 3.11087e-08 3.16712e-08 3.22025e-08 3.2702e-08 3.31692e-08 3.36037e-08 3.4005e-08 3.43728e-08 3.47066e-08 3.50062e-08 3.52713e-08 3.55015e-08 3.56967e-08 3.58567e-08 3.59813e-08 3.60703e-08 3.61238e-08 3.61417e-08 3.61238e-08 3.60703e-08 3.59813e-08 3.58567e-08 3.56967e-08 3.55015e-08 3.52713e-08 3.50062e-08 3.47066e-08 3.43728e-08 3.4005e-08 3.36037e-08 3.31692e-08 3.2702e-08 3.22025e-08 3.16712e-08 3.11087e-08 3.05154e-08 2.98921e-08 2.92392e-08 2.85575e-08 2.78476e-08 2.71103e-08 2.63461e-08 2.5556e-08 2.47407e-08 2.39009e-08 2.30376e-08 2.21515e-08 2.12435e-08 2.03146e-08 1.93657e-08 1.83976e-08 1.74114e-08 1.6408e-08 1.53884e-08 1.43536e-08 1.33046e-08 1.22426e-08 1.11684e-08 1.00832e-08 8.98807e-09 7.88406e-09 6.77227e-09 5.6538e-09 4.52975e-09 3.40123e-09 2.26935e-09 1.13524e-09 0 
