11 11
0 0 0 0 0 0 0 0 0 0 0 
0 5.34253e-06 1.01621e-05 1.39869e-05 1.64426e-05 1.72888e-05 1.64426e-05 1.39869e-05 1.01621e-05 5.34253e-06 0 
0 1.01621e-05 1.93295e-05 2.66047e-05 3.12757e-05 3.28852e-05 3.12757e-05 2.66047e-05 1.93295e-05 1.01621e-05 0 
0 1.39869e-05 2.66047e-05 3.66183e-05 4.30473e-05 4.52627e-05 4.30473e-05 3.66183e-05 2.66047e-05 1.39869e-05 0 
0 1.64426e-05 3.12757e-05 4.30473e-05 5.06052e-05 5.32094e-05 5.06052e-05 4.30473e-05 3.12757e-05 1.64426e-05 0 
0 1.72888e-05 3.28852e-05 4.52627e-05 5.32094e-05 5.59477e-05 5.32094e-05 4.52627e-05 3.28852e-05 1.72888e-05 0 
0 1.64426e-05 3.12757e-05 4.30473e-05 5.06052e-05 5.32094e-05 5.06052e-05 4.30473e-05 3.12757e-05 1.64426e-05 0 
0 1.39869e-05 2.66047e-05 3.66183e-05 4.30473e-05 4.52627e-05 4.30473e-05 3.66183e-05 2.66047e-05 1.39869e-05 0 
0 1.01621e-05 1.93295e-05 2.66047e-05 3.12757e-05 3.28852e-05 3.12757e-05 2.66047e-05 1.93295e-05 1.01621e-05 0 
0 5.34253e-06 1.01621e-05 1.39869e-05 1.64426e-05 1.72888e-05 1.64426e-05 1.39869e-05 1.01621e-05 5.34253e-06 0 
0 0 0 0 0 0 0 0 0 0 0 
