101 101
0 0 0 0 0 0 0 0 0 0 0 0 0 0 0 0 0 0 0 0 0 0 0 0 0 0 0 0 0 0 0 0 0 0 0 0 0 0 0 0 0 0 0 0 0 0 0 0 0 0 0 0 0 0 0 0 0 0 0 0 0 0 0 0 0 0 0 0 0 0 0 0 0 0 0 0 0 0 0 0 0 0 0 0 0 0 0 0 0 0 0 0 0 0 0 0 0 0 0 0 0 
0 7.25386e-09 1.45006e-08 2.1733e-08 2.89439e-08 3.61263e-08 4.3273e-08 5.0377e-08 5.74313e-08 6.4429e-08 7.1363e-08 7.82266e-08 8.5013e-08 9.17155e-08 9.83276e-08 1.04843e-07 1.11254e-07 1.17556e-07 1.23741e-07 1.29805e-07 1.3574e-07 1.41542e-07 1.47204e-07 1.5272e-07 1.58086e-07 1.63296e-07 1.68345e-07 1.73227e-07 1.77939e-07 1.82475e-07 1.86831e-07 1.91002e-07 1.94985e-07 1.98776e-07 2.0237e-07 2.05765e-07 2.08957e-07 2.11942e-07 2.14718e-07 2.17283e-07 2.19633e-07 2.21766e-07 2.2368e-07 2.25374e-07 2.26845e-07 2.28092e-07 2.29115e-07 2.29911e-07 2.3048e-07 2.30822e-07 2.30936e-07 2.30822e-07 2.3048e-07 2.29911e-07 2.29115e-07 2.28092e-07 2.26845e-07 2.25374e-07 2.2368e-07 2.21766e-07 2.19633e-07 2.17283e-07 2.14718e-07 2.11942e-07 2.08957e-07 2.05765e-07 2.0237e-07 1.98776e-07 1.94985e-07 1.91002e-07 1.86831e-07 1.82475e-07 1.77939e-07 1.73227e-07 1.68345e-07 1.63296e-07 1.58086e-07 1.5272e-07 1.47204e-07 1.41542e-07 1.3574e-07 1.29805e-07 1.23741e-07 1.17556e-07 1.11254e-07 1.04843e-07 9.83276e-08 9.17155e-08 8.5013e-08 7.82266e-08 7.1363e-08 6.4429e-08 5.74313e-08 5.0377e-08 4.3273e-08 3.61263e-08 2.89439e-08 2.1733e-08 1.45006e-08 7.25386e-09 0 
0 1.45006e-08 2.89868e-08 4.34445e-08 5.78592e-08 7.22169e-08 8.65033e-08 1.00704e-07 1.14806e-07 1.28794e-07 1.42656e-07 1.56376e-07 1.69942e-07 1.83341e-07 1.96558e-07 2.09582e-07 2.22398e-07 2.34995e-07 2.47361e-07 2.59482e-07 2.71347e-07 2.82944e-07 2.94262e-07 3.0529e-07 3.16016e-07 3.26431e-07 3.36523e-07 3.46284e-07 3.55702e-07 3.6477e-07 3.73477e-07 3.81816e-07 3.89778e-07 3.97356e-07 4.04541e-07 4.11327e-07 4.17707e-07 4.23675e-07 4.29225e-07 4.34351e-07 4.39049e-07 4.43313e-07 4.4714e-07 4.50525e-07 4.53466e-07 4.5596e-07 4.58003e-07 4.59594e-07 4.60732e-07 4.61415e-07 4.61643e-07 4.61415e-07 4.60732e-07 4.59594e-07 4.58003e-07 4.5596e-07 4.53466e-07 4.50525e-07 4.4714e-07 4.43313e-07 4.39049e-07 4.34351e-07 4.29225e-07 4.23675e-07 4.17707e-07 4.11327e-07 4.04541e-07 3.97356e-07 3.89778e-07 3.81816e-07 3.73477e-07 3.6477e-07 3.55702e-07 3.46284e-07 3.36523e-07 3.26431e-07 3.16016e-07 3.0529e-07 2.94262e-07 2.82944e-07 2.71347e-07 2.59482e-07 2.47361e-07 2.34995e-07 2.22398e-07 2.09582e-07 1.96558e-07 1.83341e-07 1.69942e-07 1.56376e-07 1.42656e-07 1.28794e-07 1.14806e-07 1.00704e-07 8.65033e-08 7.22169e-08 5.78592e-08 4.34445e-08 2.89868e-08 1.45006e-08 0 
0 2.1733e-08 4.34445e-08 6.51131e-08 8.67175e-08 1.08236e-07 1.29648e-07 1.50932e-07 1.72067e-07 1.93033e-07 2.13807e-07 2.34371e-07 2.54704e-07 2.74785e-07 2.94595e-07 3.14114e-07 3.33323e-07 3.52203e-07 3.70736e-07 3.88903e-07 4.06686e-07 4.24067e-07 4.41031e-07 4.57558e-07 4.73635e-07 4.89244e-07 5.0437e-07 5.18998e-07 5.33114e-07 5.46704e-07 5.59755e-07 5.72253e-07 5.84186e-07 5.95543e-07 6.06312e-07 6.16483e-07 6.26045e-07 6.3499e-07 6.43308e-07 6.50991e-07 6.58031e-07 6.64423e-07 6.70158e-07 6.75232e-07 6.7964e-07 6.83377e-07 6.86439e-07 6.88824e-07 6.9053e-07 6.91554e-07 6.91895e-07 6.91554e-07 6.9053e-07 6.88824e-07 6.86439e-07 6.83377e-07 6.7964e-07 6.75232e-07 6.70158e-07 6.64423e-07 6.58031e-07 6.50991e-07 6.43308e-07 6.3499e-07 6.26045e-07 6.16483e-07 6.06312e-07 5.95543e-07 5.84186e-07 5.72253e-07 5.59755e-07 5.46704e-07 5.33114e-07 5.18998e-07 5.0437e-07 4.89244e-07 4.73635e-07 4.57558e-07 4.41031e-07 4.24067e-07 4.06686e-07 3.88903e-07 3.70736e-07 3.52203e-07 3.33323e-07 3.14114e-07 2.94595e-07 2.74785e-07 2.54704e-07 2.34371e-07 2.13807e-07 1.93033e-07 1.72067e-07 1.50932e-07 1.29648e-07 1.08236e-07 8.67175e-08 6.51131e-08 4.34445e-08 2.1733e-08 0 
0 2.89439e-08 5.78592e-08 8.67175e-08 1.1549e-07 1.44149e-07 1.72665e-07 2.01011e-07 2.29159e-07 2.5708e-07 2.84748e-07 3.12135e-07 3.39214e-07 3.65958e-07 3.9234e-07 4.18336e-07 4.43919e-07 4.69064e-07 4.93745e-07 5.1794e-07 5.41623e-07 5.64772e-07 5.87363e-07 6.09375e-07 6.30786e-07 6.51574e-07 6.71719e-07 6.91201e-07 7.1e-07 7.281e-07 7.4548e-07 7.62125e-07 7.78018e-07 7.93143e-07 8.07485e-07 8.21031e-07 8.33766e-07 8.45678e-07 8.56756e-07 8.66988e-07 8.76365e-07 8.84876e-07 8.92515e-07 8.99272e-07 9.05143e-07 9.1012e-07 9.14198e-07 9.17375e-07 9.19646e-07 9.2101e-07 9.21464e-07 9.2101e-07 9.19646e-07 9.17375e-07 9.14198e-07 9.1012e-07 9.05143e-07 8.99272e-07 8.92515e-07 8.84876e-07 8.76365e-07 8.66988e-07 8.56756e-07 8.45678e-07 8.33766e-07 8.21031e-07 8.07485e-07 7.93143e-07 7.78018e-07 7.62125e-07 7.4548e-07 7.281e-07 7.1e-07 6.91201e-07 6.71719e-07 6.51574e-07 6.30786e-07 6.09375e-07 5.87363e-07 5.64772e-07 5.41623e-07 5.1794e-07 4.93745e-07 4.69064e-07 4.43919e-07 4.18336e-07 3.9234e-07 3.65958e-07 3.39214e-07 3.12135e-07 2.84748e-07 2.5708e-07 2.29159e-07 2.01011e-07 1.72665e-07 1.44149e-07 1.1549e-07 8.67175e-08 5.78592e-08 2.89439e-08 0 
0 3.61263e-08 7.22169e-08 1.08236e-07 1.44149e-07 1.79919e-07 2.15512e-07 2.50892e-07 2.86024e-07 3.20874e-07 3.55408e-07 3.89591e-07 4.23389e-07 4.56769e-07 4.89699e-07 5.22145e-07 5.54077e-07 5.85461e-07 6.16267e-07 6.46466e-07 6.76026e-07 7.04919e-07 7.33117e-07 7.60591e-07 7.87314e-07 8.13261e-07 8.38404e-07 8.62721e-07 8.86186e-07 9.08776e-07 9.3047e-07 9.51245e-07 9.71082e-07 9.8996e-07 1.00786e-06 1.02477e-06 1.04066e-06 1.05553e-06 1.06936e-06 1.08213e-06 1.09383e-06 1.10446e-06 1.11399e-06 1.12243e-06 1.12975e-06 1.13596e-06 1.14106e-06 1.14502e-06 1.14785e-06 1.14956e-06 1.15012e-06 1.14956e-06 1.14785e-06 1.14502e-06 1.14106e-06 1.13596e-06 1.12975e-06 1.12243e-06 1.11399e-06 1.10446e-06 1.09383e-06 1.08213e-06 1.06936e-06 1.05553e-06 1.04066e-06 1.02477e-06 1.00786e-06 9.8996e-07 9.71082e-07 9.51245e-07 9.3047e-07 9.08776e-07 8.86186e-07 8.62721e-07 8.38404e-07 8.13261e-07 7.87314e-07 7.60591e-07 7.33117e-07 7.04919e-07 6.76026e-07 6.46466e-07 6.16267e-07 5.85461e-07 5.54077e-07 5.22145e-07 4.89699e-07 4.56769e-07 4.23389e-07 3.89591e-07 3.55408e-07 3.20874e-07 2.86024e-07 2.50892e-07 2.15512e-07 1.79919e-07 1.44149e-07 1.08236e-07 7.22169e-08 3.61263e-08 0 
0 4.3273e-08 8.65033e-08 1.29648e-07 1.72665e-07 2.15512e-07 2.58146e-07 3.00525e-07 3.42607e-07 3.84352e-07 4.25717e-07 4.66662e-07 5.07146e-07 5.4713e-07 5.86574e-07 6.2544e-07 6.63687e-07 7.0128e-07 7.38181e-07 7.74354e-07 8.09762e-07 8.44371e-07 8.78146e-07 9.11056e-07 9.43066e-07 9.74145e-07 1.00426e-06 1.03339e-06 1.0615e-06 1.08856e-06 1.11454e-06 1.13943e-06 1.16319e-06 1.1858e-06 1.20724e-06 1.22749e-06 1.24653e-06 1.26434e-06 1.28091e-06 1.2962e-06 1.31022e-06 1.32295e-06 1.33437e-06 1.34447e-06 1.35325e-06 1.36069e-06 1.36679e-06 1.37153e-06 1.37493e-06 1.37697e-06 1.37765e-06 1.37697e-06 1.37493e-06 1.37153e-06 1.36679e-06 1.36069e-06 1.35325e-06 1.34447e-06 1.33437e-06 1.32295e-06 1.31022e-06 1.2962e-06 1.28091e-06 1.26434e-06 1.24653e-06 1.22749e-06 1.20724e-06 1.1858e-06 1.16319e-06 1.13943e-06 1.11454e-06 1.08856e-06 1.0615e-06 1.03339e-06 1.00426e-06 9.74145e-07 9.43066e-07 9.11056e-07 8.78146e-07 8.44371e-07 8.09762e-07 7.74354e-07 7.38181e-07 7.0128e-07 6.63687e-07 6.2544e-07 5.86574e-07 5.4713e-07 5.07146e-07 4.66662e-07 4.25717e-07 3.84352e-07 3.42607e-07 3.00525e-07 2.58146e-07 2.15512e-07 1.72665e-07 1.29648e-07 8.65033e-08 4.3273e-08 0 
0 5.0377e-08 1.00704e-07 1.50932e-07 2.01011e-07 2.50892e-07 3.00525e-07 3.49861e-07 3.98852e-07 4.4745e-07 4.95606e-07 5.43273e-07 5.90403e-07 6.36951e-07 6.82871e-07 7.28116e-07 7.72643e-07 8.16408e-07 8.59367e-07 9.01477e-07 9.42698e-07 9.82989e-07 1.02231e-06 1.06062e-06 1.09789e-06 1.13407e-06 1.16913e-06 1.20304e-06 1.23576e-06 1.26726e-06 1.29751e-06 1.32648e-06 1.35415e-06 1.38047e-06 1.40543e-06 1.42901e-06 1.45117e-06 1.47191e-06 1.49119e-06 1.509e-06 1.52532e-06 1.54013e-06 1.55343e-06 1.56519e-06 1.57541e-06 1.58407e-06 1.59117e-06 1.5967e-06 1.60065e-06 1.60302e-06 1.60381e-06 1.60302e-06 1.60065e-06 1.5967e-06 1.59117e-06 1.58407e-06 1.57541e-06 1.56519e-06 1.55343e-06 1.54013e-06 1.52532e-06 1.509e-06 1.49119e-06 1.47191e-06 1.45117e-06 1.42901e-06 1.40543e-06 1.38047e-06 1.35415e-06 1.32648e-06 1.29751e-06 1.26726e-06 1.23576e-06 1.20304e-06 1.16913e-06 1.13407e-06 1.09789e-06 1.06062e-06 1.02231e-06 9.82989e-07 9.42698e-07 9.01477e-07 8.59367e-07 8.16408e-07 7.72643e-07 7.28116e-07 6.82871e-07 6.36951e-07 5.90403e-07 5.43273e-07 4.95606e-07 4.4745e-07 3.98852e-07 3.49861e-07 3.00525e-07 2.50892e-07 2.01011e-07 1.50932e-07 1.00704e-07 5.0377e-08 0 
0 5.74313e-08 1.14806e-07 1.72067e-07 2.29159e-07 2.86024e-07 3.42607e-07 3.98852e-07 4.54704e-07 5.10106e-07 5.65006e-07 6.19347e-07 6.73078e-07 7.26144e-07 7.78493e-07 8.30075e-07 8.80837e-07 9.3073e-07 9.79704e-07 1.02771e-06 1.0747e-06 1.12064e-06 1.16546e-06 1.20914e-06 1.25162e-06 1.29287e-06 1.33284e-06 1.3715e-06 1.4088e-06 1.44472e-06 1.4792e-06 1.51223e-06 1.54377e-06 1.57378e-06 1.60224e-06 1.62911e-06 1.65438e-06 1.67802e-06 1.7e-06 1.7203e-06 1.73891e-06 1.7558e-06 1.77095e-06 1.78436e-06 1.79601e-06 1.80589e-06 1.81398e-06 1.82028e-06 1.82479e-06 1.82749e-06 1.8284e-06 1.82749e-06 1.82479e-06 1.82028e-06 1.81398e-06 1.80589e-06 1.79601e-06 1.78436e-06 1.77095e-06 1.7558e-06 1.73891e-06 1.7203e-06 1.7e-06 1.67802e-06 1.65438e-06 1.62911e-06 1.60224e-06 1.57378e-06 1.54377e-06 1.51223e-06 1.4792e-06 1.44472e-06 1.4088e-06 1.3715e-06 1.33284e-06 1.29287e-06 1.25162e-06 1.20914e-06 1.16546e-06 1.12064e-06 1.0747e-06 1.02771e-06 9.79704e-07 9.3073e-07 8.80837e-07 8.30075e-07 7.78493e-07 7.26144e-07 6.73078e-07 6.19347e-07 5.65006e-07 5.10106e-07 4.54704e-07 3.98852e-07 3.42607e-07 2.86024e-07 2.29159e-07 1.72067e-07 1.14806e-07 5.74313e-08 0 
0 6.4429e-08 1.28794e-07 1.93033e-07 2.5708e-07 3.20874e-07 3.84352e-07 4.4745e-07 5.10106e-07 5.72259e-07 6.33848e-07 6.94811e-07 7.55088e-07 8.1462e-07 8.73348e-07 9.31214e-07 9.88161e-07 1.04413e-06 1.09907e-06 1.15293e-06 1.20565e-06 1.25718e-06 1.30747e-06 1.35647e-06 1.40413e-06 1.4504e-06 1.49524e-06 1.53861e-06 1.58046e-06 1.62075e-06 1.65944e-06 1.69649e-06 1.73186e-06 1.76553e-06 1.79746e-06 1.82761e-06 1.85596e-06 1.88248e-06 1.90713e-06 1.92991e-06 1.95078e-06 1.96973e-06 1.98673e-06 2.00178e-06 2.01484e-06 2.02592e-06 2.035e-06 2.04207e-06 2.04713e-06 2.05016e-06 2.05117e-06 2.05016e-06 2.04713e-06 2.04207e-06 2.035e-06 2.02592e-06 2.01484e-06 2.00178e-06 1.98673e-06 1.96973e-06 1.95078e-06 1.92991e-06 1.90713e-06 1.88248e-06 1.85596e-06 1.82761e-06 1.79746e-06 1.76553e-06 1.73186e-06 1.69649e-06 1.65944e-06 1.62075e-06 1.58046e-06 1.53861e-06 1.49524e-06 1.4504e-06 1.40413e-06 1.35647e-06 1.30747e-06 1.25718e-06 1.20565e-06 1.15293e-06 1.09907e-06 1.04413e-06 9.88161e-07 9.31214e-07 8.73348e-07 8.1462e-07 7.55088e-07 6.94811e-07 6.33848e-07 5.72259e-07 5.10106e-07 4.4745e-07 3.84352e-07 3.20874e-07 2.5708e-07 1.93033e-07 1.28794e-07 6.4429e-08 0 
0 7.1363e-08 1.42656e-07 2.13807e-07 2.84748e-07 3.55408e-07 4.25717e-07 4.95606e-07 5.65006e-07 6.33848e-07 7.02064e-07 7.69588e-07 8.36353e-07 9.02292e-07 9.6734e-07 1.03143e-06 1.09451e-06 1.15651e-06 1.21736e-06 1.27701e-06 1.33541e-06 1.39248e-06 1.44818e-06 1.50245e-06 1.55524e-06 1.6065e-06 1.65616e-06 1.7042e-06 1.75055e-06 1.79518e-06 1.83803e-06 1.87907e-06 1.91825e-06 1.95554e-06 1.99091e-06 2.0243e-06 2.0557e-06 2.08507e-06 2.11239e-06 2.13761e-06 2.16073e-06 2.18172e-06 2.20055e-06 2.21721e-06 2.23169e-06 2.24396e-06 2.25401e-06 2.26185e-06 2.26745e-06 2.27081e-06 2.27193e-06 2.27081e-06 2.26745e-06 2.26185e-06 2.25401e-06 2.24396e-06 2.23169e-06 2.21721e-06 2.20055e-06 2.18172e-06 2.16073e-06 2.13761e-06 2.11239e-06 2.08507e-06 2.0557e-06 2.0243e-06 1.99091e-06 1.95554e-06 1.91825e-06 1.87907e-06 1.83803e-06 1.79518e-06 1.75055e-06 1.7042e-06 1.65616e-06 1.6065e-06 1.55524e-06 1.50245e-06 1.44818e-06 1.39248e-06 1.33541e-06 1.27701e-06 1.21736e-06 1.15651e-06 1.09451e-06 1.03143e-06 9.6734e-07 9.02292e-07 8.36353e-07 7.69588e-07 7.02064e-07 6.33848e-07 5.65006e-07 4.95606e-07 4.25717e-07 3.55408e-07 2.84748e-07 2.13807e-07 1.42656e-07 7.1363e-08 0 
0 7.82266e-08 1.56376e-07 2.34371e-07 3.12135e-07 3.89591e-07 4.66662e-07 5.43273e-07 6.19347e-07 6.94811e-07 7.69588e-07 8.43606e-07 9.16792e-07 9.89073e-07 1.06038e-06 1.13064e-06 1.19978e-06 1.26774e-06 1.33444e-06 1.39983e-06 1.46384e-06 1.52641e-06 1.58747e-06 1.64696e-06 1.70482e-06 1.76101e-06 1.81545e-06 1.86811e-06 1.91892e-06 1.96783e-06 2.01481e-06 2.05979e-06 2.10275e-06 2.14363e-06 2.18239e-06 2.219e-06 2.25342e-06 2.28561e-06 2.31555e-06 2.34321e-06 2.36855e-06 2.39155e-06 2.4122e-06 2.43046e-06 2.44633e-06 2.45978e-06 2.4708e-06 2.47939e-06 2.48553e-06 2.48921e-06 2.49044e-06 2.48921e-06 2.48553e-06 2.47939e-06 2.4708e-06 2.45978e-06 2.44633e-06 2.43046e-06 2.4122e-06 2.39155e-06 2.36855e-06 2.34321e-06 2.31555e-06 2.28561e-06 2.25342e-06 2.219e-06 2.18239e-06 2.14363e-06 2.10275e-06 2.05979e-06 2.01481e-06 1.96783e-06 1.91892e-06 1.86811e-06 1.81545e-06 1.76101e-06 1.70482e-06 1.64696e-06 1.58747e-06 1.52641e-06 1.46384e-06 1.39983e-06 1.33444e-06 1.26774e-06 1.19978e-06 1.13064e-06 1.06038e-06 9.89073e-07 9.16792e-07 8.43606e-07 7.69588e-07 6.94811e-07 6.19347e-07 5.43273e-07 4.66662e-07 3.89591e-07 3.12135e-07 2.34371e-07 1.56376e-07 7.82266e-08 0 
0 8.5013e-08 1.69942e-07 2.54704e-07 3.39214e-07 4.23389e-07 5.07146e-07 5.90403e-07 6.73078e-07 7.55088e-07 8.36353e-07 9.16792e-07 9.96327e-07 1.07488e-06 1.15237e-06 1.22872e-06 1.30386e-06 1.37772e-06 1.45021e-06 1.52128e-06 1.59084e-06 1.65883e-06 1.72518e-06 1.78984e-06 1.85272e-06 1.91378e-06 1.97295e-06 2.03017e-06 2.08539e-06 2.13855e-06 2.1896e-06 2.23849e-06 2.28517e-06 2.32959e-06 2.37172e-06 2.4115e-06 2.44891e-06 2.4839e-06 2.51643e-06 2.54649e-06 2.57403e-06 2.59903e-06 2.62146e-06 2.64131e-06 2.65855e-06 2.67317e-06 2.68515e-06 2.69448e-06 2.70115e-06 2.70516e-06 2.70649e-06 2.70516e-06 2.70115e-06 2.69448e-06 2.68515e-06 2.67317e-06 2.65855e-06 2.64131e-06 2.62146e-06 2.59903e-06 2.57403e-06 2.54649e-06 2.51643e-06 2.4839e-06 2.44891e-06 2.4115e-06 2.37172e-06 2.32959e-06 2.28517e-06 2.23849e-06 2.1896e-06 2.13855e-06 2.08539e-06 2.03017e-06 1.97295e-06 1.91378e-06 1.85272e-06 1.78984e-06 1.72518e-06 1.65883e-06 1.59084e-06 1.52128e-06 1.45021e-06 1.37772e-06 1.30386e-06 1.22872e-06 1.15237e-06 1.07488e-06 9.96327e-07 9.16792e-07 8.36353e-07 7.55088e-07 6.73078e-07 5.90403e-07 5.07146e-07 4.23389e-07 3.39214e-07 2.54704e-07 1.69942e-07 8.5013e-08 0 
0 9.17155e-08 1.83341e-07 2.74785e-07 3.65958e-07 4.56769e-07 5.4713e-07 6.36951e-07 7.26144e-07 8.1462e-07 9.02292e-07 9.89073e-07 1.07488e-06 1.15962e-06 1.24322e-06 1.3256e-06 1.40666e-06 1.48634e-06 1.56455e-06 1.64121e-06 1.71626e-06 1.78961e-06 1.8612e-06 1.93095e-06 1.99879e-06 2.06466e-06 2.1285e-06 2.19023e-06 2.2498e-06 2.30716e-06 2.36223e-06 2.41497e-06 2.46533e-06 2.51326e-06 2.55871e-06 2.60163e-06 2.64198e-06 2.67973e-06 2.71483e-06 2.74726e-06 2.77697e-06 2.80394e-06 2.82814e-06 2.84956e-06 2.86816e-06 2.88393e-06 2.89685e-06 2.90692e-06 2.91412e-06 2.91844e-06 2.91988e-06 2.91844e-06 2.91412e-06 2.90692e-06 2.89685e-06 2.88393e-06 2.86816e-06 2.84956e-06 2.82814e-06 2.80394e-06 2.77697e-06 2.74726e-06 2.71483e-06 2.67973e-06 2.64198e-06 2.60163e-06 2.55871e-06 2.51326e-06 2.46533e-06 2.41497e-06 2.36223e-06 2.30716e-06 2.2498e-06 2.19023e-06 2.1285e-06 2.06466e-06 1.99879e-06 1.93095e-06 1.8612e-06 1.78961e-06 1.71626e-06 1.64121e-06 1.56455e-06 1.48634e-06 1.40666e-06 1.3256e-06 1.24322e-06 1.15962e-06 1.07488e-06 9.89073e-07 9.02292e-07 8.1462e-07 7.26144e-07 6.36951e-07 5.4713e-07 4.56769e-07 3.65958e-07 2.74785e-07 1.83341e-07 9.17155e-08 0 
0 9.83276e-08 1.96558e-07 2.94595e-07 3.9234e-07 4.89699e-07 5.86574e-07 6.82871e-07 7.78493e-07 8.73348e-07 9.6734e-07 1.06038e-06 1.15237e-06 1.24322e-06 1.33285e-06 1.42116e-06 1.50807e-06 1.59349e-06 1.67734e-06 1.75953e-06 1.83999e-06 1.91863e-06 1.99538e-06 2.07016e-06 2.14289e-06 2.21351e-06 2.28195e-06 2.34813e-06 2.412e-06 2.47348e-06 2.53253e-06 2.58908e-06 2.64307e-06 2.69445e-06 2.74317e-06 2.78919e-06 2.83245e-06 2.87292e-06 2.91055e-06 2.94531e-06 2.97717e-06 3.00608e-06 3.03203e-06 3.05499e-06 3.07493e-06 3.09184e-06 3.10569e-06 3.11649e-06 3.1242e-06 3.12883e-06 3.13038e-06 3.12883e-06 3.1242e-06 3.11649e-06 3.10569e-06 3.09184e-06 3.07493e-06 3.05499e-06 3.03203e-06 3.00608e-06 2.97717e-06 2.94531e-06 2.91055e-06 2.87292e-06 2.83245e-06 2.78919e-06 2.74317e-06 2.69445e-06 2.64307e-06 2.58908e-06 2.53253e-06 2.47348e-06 2.412e-06 2.34813e-06 2.28195e-06 2.21351e-06 2.14289e-06 2.07016e-06 1.99538e-06 1.91863e-06 1.83999e-06 1.75953e-06 1.67734e-06 1.59349e-06 1.50807e-06 1.42116e-06 1.33285e-06 1.24322e-06 1.15237e-06 1.06038e-06 9.6734e-07 8.73348e-07 7.78493e-07 6.82871e-07 5.86574e-07 4.89699e-07 3.9234e-07 2.94595e-07 1.96558e-07 9.83276e-08 0 
0 1.04843e-07 2.09582e-07 3.14114e-07 4.18336e-07 5.22145e-07 6.2544e-07 7.28116e-07 8.30075e-07 9.31214e-07 1.03143e-06 1.13064e-06 1.22872e-06 1.3256e-06 1.42116e-06 1.51533e-06 1.60799e-06 1.69907e-06 1.78848e-06 1.87612e-06 1.9619e-06 2.04576e-06 2.12759e-06 2.20732e-06 2.28487e-06 2.36017e-06 2.43314e-06 2.50371e-06 2.57181e-06 2.63737e-06 2.70033e-06 2.76062e-06 2.81819e-06 2.87298e-06 2.92493e-06 2.97399e-06 3.02012e-06 3.06327e-06 3.1034e-06 3.14046e-06 3.17443e-06 3.20526e-06 3.23293e-06 3.25741e-06 3.27867e-06 3.2967e-06 3.31147e-06 3.32298e-06 3.3312e-06 3.33614e-06 3.33779e-06 3.33614e-06 3.3312e-06 3.32298e-06 3.31147e-06 3.2967e-06 3.27867e-06 3.25741e-06 3.23293e-06 3.20526e-06 3.17443e-06 3.14046e-06 3.1034e-06 3.06327e-06 3.02012e-06 2.97399e-06 2.92493e-06 2.87298e-06 2.81819e-06 2.76062e-06 2.70033e-06 2.63737e-06 2.57181e-06 2.50371e-06 2.43314e-06 2.36017e-06 2.28487e-06 2.20732e-06 2.12759e-06 2.04576e-06 1.9619e-06 1.87612e-06 1.78848e-06 1.69907e-06 1.60799e-06 1.51533e-06 1.42116e-06 1.3256e-06 1.22872e-06 1.13064e-06 1.03143e-06 9.31214e-07 8.30075e-07 7.28116e-07 6.2544e-07 5.22145e-07 4.18336e-07 3.14114e-07 2.09582e-07 1.04843e-07 0 
0 1.11254e-07 2.22398e-07 3.33323e-07 4.43919e-07 5.54077e-07 6.63687e-07 7.72643e-07 8.80837e-07 9.88161e-07 1.09451e-06 1.19978e-06 1.30386e-06 1.40666e-06 1.50807e-06 1.60799e-06 1.70633e-06 1.80298e-06 1.89785e-06 1.99085e-06 2.08188e-06 2.17086e-06 2.2577e-06 2.34231e-06 2.4246e-06 2.50451e-06 2.58194e-06 2.65682e-06 2.72909e-06 2.79866e-06 2.86546e-06 2.92944e-06 2.99053e-06 3.04867e-06 3.1038e-06 3.15586e-06 3.20481e-06 3.2506e-06 3.29318e-06 3.33251e-06 3.36855e-06 3.40127e-06 3.43063e-06 3.45661e-06 3.47917e-06 3.4983e-06 3.51398e-06 3.52619e-06 3.53492e-06 3.54016e-06 3.54191e-06 3.54016e-06 3.53492e-06 3.52619e-06 3.51398e-06 3.4983e-06 3.47917e-06 3.45661e-06 3.43063e-06 3.40127e-06 3.36855e-06 3.33251e-06 3.29318e-06 3.2506e-06 3.20481e-06 3.15586e-06 3.1038e-06 3.04867e-06 2.99053e-06 2.92944e-06 2.86546e-06 2.79866e-06 2.72909e-06 2.65682e-06 2.58194e-06 2.50451e-06 2.4246e-06 2.34231e-06 2.2577e-06 2.17086e-06 2.08188e-06 1.99085e-06 1.89785e-06 1.80298e-06 1.70633e-06 1.60799e-06 1.50807e-06 1.40666e-06 1.30386e-06 1.19978e-06 1.09451e-06 9.88161e-07 8.80837e-07 7.72643e-07 6.63687e-07 5.54077e-07 4.43919e-07 3.33323e-07 2.22398e-07 1.11254e-07 0 
0 1.17556e-07 2.34995e-07 3.52203e-07 4.69064e-07 5.85461e-07 7.0128e-07 8.16408e-07 9.3073e-07 1.04413e-06 1.15651e-06 1.26774e-06 1.37772e-06 1.48634e-06 1.59349e-06 1.69907e-06 1.80298e-06 1.9051e-06 2.00535e-06 2.10361e-06 2.1998e-06 2.29382e-06 2.38558e-06 2.47498e-06 2.56194e-06 2.64637e-06 2.72819e-06 2.80731e-06 2.88367e-06 2.95718e-06 3.02777e-06 3.09537e-06 3.15992e-06 3.22135e-06 3.2796e-06 3.33462e-06 3.38634e-06 3.43473e-06 3.47972e-06 3.52128e-06 3.55936e-06 3.59393e-06 3.62495e-06 3.6524e-06 3.67624e-06 3.69645e-06 3.71302e-06 3.72592e-06 3.73515e-06 3.74068e-06 3.74253e-06 3.74068e-06 3.73515e-06 3.72592e-06 3.71302e-06 3.69645e-06 3.67624e-06 3.6524e-06 3.62495e-06 3.59393e-06 3.55936e-06 3.52128e-06 3.47972e-06 3.43473e-06 3.38634e-06 3.33462e-06 3.2796e-06 3.22135e-06 3.15992e-06 3.09537e-06 3.02777e-06 2.95718e-06 2.88367e-06 2.80731e-06 2.72819e-06 2.64637e-06 2.56194e-06 2.47498e-06 2.38558e-06 2.29382e-06 2.1998e-06 2.10361e-06 2.00535e-06 1.9051e-06 1.80298e-06 1.69907e-06 1.59349e-06 1.48634e-06 1.37772e-06 1.26774e-06 1.15651e-06 1.04413e-06 9.3073e-07 8.16408e-07 7.0128e-07 5.85461e-07 4.69064e-07 3.52203e-07 2.34995e-07 1.17556e-07 0 
0 1.23741e-07 2.47361e-07 3.70736e-07 4.93745e-07 6.16267e-07 7.38181e-07 8.59367e-07 9.79704e-07 1.09907e-06 1.21736e-06 1.33444e-06 1.45021e-06 1.56455e-06 1.67734e-06 1.78848e-06 1.89785e-06 2.00535e-06 2.11087e-06 2.21431e-06 2.31556e-06 2.41452e-06 2.51111e-06 2.60521e-06 2.69675e-06 2.78562e-06 2.87174e-06 2.95503e-06 3.03541e-06 3.11278e-06 3.18709e-06 3.25825e-06 3.3262e-06 3.39086e-06 3.45218e-06 3.51008e-06 3.56453e-06 3.61546e-06 3.66282e-06 3.70656e-06 3.74665e-06 3.78304e-06 3.81569e-06 3.84459e-06 3.86968e-06 3.89096e-06 3.9084e-06 3.92198e-06 3.93169e-06 3.93752e-06 3.93946e-06 3.93752e-06 3.93169e-06 3.92198e-06 3.9084e-06 3.89096e-06 3.86968e-06 3.84459e-06 3.81569e-06 3.78304e-06 3.74665e-06 3.70656e-06 3.66282e-06 3.61546e-06 3.56453e-06 3.51008e-06 3.45218e-06 3.39086e-06 3.3262e-06 3.25825e-06 3.18709e-06 3.11278e-06 3.03541e-06 2.95503e-06 2.87174e-06 2.78562e-06 2.69675e-06 2.60521e-06 2.51111e-06 2.41452e-06 2.31556e-06 2.21431e-06 2.11087e-06 2.00535e-06 1.89785e-06 1.78848e-06 1.67734e-06 1.56455e-06 1.45021e-06 1.33444e-06 1.21736e-06 1.09907e-06 9.79704e-07 8.59367e-07 7.38181e-07 6.16267e-07 4.93745e-07 3.70736e-07 2.47361e-07 1.23741e-07 0 
0 1.29805e-07 2.59482e-07 3.88903e-07 5.1794e-07 6.46466e-07 7.74354e-07 9.01477e-07 1.02771e-06 1.15293e-06 1.27701e-06 1.39983e-06 1.52128e-06 1.64121e-06 1.75953e-06 1.87612e-06 1.99085e-06 2.10361e-06 2.21431e-06 2.32281e-06 2.42902e-06 2.53284e-06 2.63416e-06 2.73287e-06 2.82889e-06 2.92212e-06 3.01246e-06 3.09984e-06 3.18415e-06 3.26532e-06 3.34326e-06 3.41791e-06 3.48919e-06 3.55702e-06 3.62134e-06 3.68209e-06 3.7392e-06 3.79262e-06 3.8423e-06 3.88819e-06 3.93024e-06 3.96842e-06 4.00267e-06 4.03298e-06 4.0593e-06 4.08162e-06 4.09992e-06 4.11416e-06 4.12435e-06 4.13046e-06 4.1325e-06 4.13046e-06 4.12435e-06 4.11416e-06 4.09992e-06 4.08162e-06 4.0593e-06 4.03298e-06 4.00267e-06 3.96842e-06 3.93024e-06 3.88819e-06 3.8423e-06 3.79262e-06 3.7392e-06 3.68209e-06 3.62134e-06 3.55702e-06 3.48919e-06 3.41791e-06 3.34326e-06 3.26532e-06 3.18415e-06 3.09984e-06 3.01246e-06 2.92212e-06 2.82889e-06 2.73287e-06 2.63416e-06 2.53284e-06 2.42902e-06 2.32281e-06 2.21431e-06 2.10361e-06 1.99085e-06 1.87612e-06 1.75953e-06 1.64121e-06 1.52128e-06 1.39983e-06 1.27701e-06 1.15293e-06 1.02771e-06 9.01477e-07 7.74354e-07 6.46466e-07 5.1794e-07 3.88903e-07 2.59482e-07 1.29805e-07 0 
0 1.3574e-07 2.71347e-07 4.06686e-07 5.41623e-07 6.76026e-07 8.09762e-07 9.42698e-07 1.0747e-06 1.20565e-06 1.33541e-06 1.46384e-06 1.59084e-06 1.71626e-06 1.83999e-06 1.9619e-06 2.08188e-06 2.1998e-06 2.31556e-06 2.42902e-06 2.54009e-06 2.64866e-06 2.75461e-06 2.85784e-06 2.95825e-06 3.05574e-06 3.15021e-06 3.24158e-06 3.32975e-06 3.41463e-06 3.49614e-06 3.5742e-06 3.64873e-06 3.71967e-06 3.78693e-06 3.85045e-06 3.91018e-06 3.96604e-06 4.018e-06 4.06598e-06 4.10996e-06 4.14988e-06 4.1857e-06 4.21739e-06 4.24492e-06 4.26826e-06 4.28739e-06 4.30229e-06 4.31294e-06 4.31933e-06 4.32146e-06 4.31933e-06 4.31294e-06 4.30229e-06 4.28739e-06 4.26826e-06 4.24492e-06 4.21739e-06 4.1857e-06 4.14988e-06 4.10996e-06 4.06598e-06 4.018e-06 3.96604e-06 3.91018e-06 3.85045e-06 3.78693e-06 3.71967e-06 3.64873e-06 3.5742e-06 3.49614e-06 3.41463e-06 3.32975e-06 3.24158e-06 3.15021e-06 3.05574e-06 2.95825e-06 2.85784e-06 2.75461e-06 2.64866e-06 2.54009e-06 2.42902e-06 2.31556e-06 2.1998e-06 2.08188e-06 1.9619e-06 1.83999e-06 1.71626e-06 1.59084e-06 1.46384e-06 1.33541e-06 1.20565e-06 1.0747e-06 9.42698e-07 8.09762e-07 6.76026e-07 5.41623e-07 4.06686e-07 2.71347e-07 1.3574e-07 0 
0 1.41542e-07 2.82944e-07 4.24067e-07 5.64772e-07 7.04919e-07 8.44371e-07 9.82989e-07 1.12064e-06 1.25718e-06 1.39248e-06 1.52641e-06 1.65883e-06 1.78961e-06 1.91863e-06 2.04576e-06 2.17086e-06 2.29382e-06 2.41452e-06 2.53284e-06 2.64866e-06 2.76186e-06 2.87234e-06 2.97998e-06 3.08468e-06 3.18634e-06 3.28485e-06 3.38012e-06 3.47206e-06 3.56057e-06 3.64556e-06 3.72696e-06 3.80468e-06 3.87864e-06 3.94878e-06 4.01502e-06 4.0773e-06 4.13555e-06 4.18972e-06 4.23976e-06 4.28562e-06 4.32724e-06 4.36459e-06 4.39764e-06 4.42635e-06 4.45068e-06 4.47063e-06 4.48616e-06 4.49727e-06 4.50394e-06 4.50616e-06 4.50394e-06 4.49727e-06 4.48616e-06 4.47063e-06 4.45068e-06 4.42635e-06 4.39764e-06 4.36459e-06 4.32724e-06 4.28562e-06 4.23976e-06 4.18972e-06 4.13555e-06 4.0773e-06 4.01502e-06 3.94878e-06 3.87864e-06 3.80468e-06 3.72696e-06 3.64556e-06 3.56057e-06 3.47206e-06 3.38012e-06 3.28485e-06 3.18634e-06 3.08468e-06 2.97998e-06 2.87234e-06 2.76186e-06 2.64866e-06 2.53284e-06 2.41452e-06 2.29382e-06 2.17086e-06 2.04576e-06 1.91863e-06 1.78961e-06 1.65883e-06 1.52641e-06 1.39248e-06 1.25718e-06 1.12064e-06 9.82989e-07 8.44371e-07 7.04919e-07 5.64772e-07 4.24067e-07 2.82944e-07 1.41542e-07 0 
0 1.47204e-07 2.94262e-07 4.41031e-07 5.87363e-07 7.33117e-07 8.78146e-07 1.02231e-06 1.16546e-06 1.30747e-06 1.44818e-06 1.58747e-06 1.72518e-06 1.8612e-06 1.99538e-06 2.12759e-06 2.2577e-06 2.38558e-06 2.51111e-06 2.63416e-06 2.75461e-06 2.87234e-06 2.98723e-06 3.09918e-06 3.20807e-06 3.3138e-06 3.41625e-06 3.51533e-06 3.61094e-06 3.70299e-06 3.79139e-06 3.87604e-06 3.95687e-06 4.03379e-06 4.10674e-06 4.17563e-06 4.24039e-06 4.30098e-06 4.35732e-06 4.40936e-06 4.45704e-06 4.50033e-06 4.53918e-06 4.57355e-06 4.60341e-06 4.62872e-06 4.64946e-06 4.66562e-06 4.67717e-06 4.6841e-06 4.68641e-06 4.6841e-06 4.67717e-06 4.66562e-06 4.64946e-06 4.62872e-06 4.60341e-06 4.57355e-06 4.53918e-06 4.50033e-06 4.45704e-06 4.40936e-06 4.35732e-06 4.30098e-06 4.24039e-06 4.17563e-06 4.10674e-06 4.03379e-06 3.95687e-06 3.87604e-06 3.79139e-06 3.70299e-06 3.61094e-06 3.51533e-06 3.41625e-06 3.3138e-06 3.20807e-06 3.09918e-06 2.98723e-06 2.87234e-06 2.75461e-06 2.63416e-06 2.51111e-06 2.38558e-06 2.2577e-06 2.12759e-06 1.99538e-06 1.8612e-06 1.72518e-06 1.58747e-06 1.44818e-06 1.30747e-06 1.16546e-06 1.02231e-06 8.78146e-07 7.33117e-07 5.87363e-07 4.41031e-07 2.94262e-07 1.47204e-07 0 
0 1.5272e-07 3.0529e-07 4.57558e-07 6.09375e-07 7.60591e-07 9.11056e-07 1.06062e-06 1.20914e-06 1.35647e-06 1.50245e-06 1.64696e-06 1.78984e-06 1.93095e-06 2.07016e-06 2.20732e-06 2.34231e-06 2.47498e-06 2.60521e-06 2.73287e-06 2.85784e-06 2.97998e-06 3.09918e-06 3.21533e-06 3.3283e-06 3.43798e-06 3.54428e-06 3.64707e-06 3.74627e-06 3.84177e-06 3.93347e-06 4.0213e-06 4.10516e-06 4.18496e-06 4.26064e-06 4.33211e-06 4.39931e-06 4.46216e-06 4.52061e-06 4.5746e-06 4.62408e-06 4.66899e-06 4.70929e-06 4.74495e-06 4.77592e-06 4.80218e-06 4.8237e-06 4.84046e-06 4.85245e-06 4.85964e-06 4.86204e-06 4.85964e-06 4.85245e-06 4.84046e-06 4.8237e-06 4.80218e-06 4.77592e-06 4.74495e-06 4.70929e-06 4.66899e-06 4.62408e-06 4.5746e-06 4.52061e-06 4.46216e-06 4.39931e-06 4.33211e-06 4.26064e-06 4.18496e-06 4.10516e-06 4.0213e-06 3.93347e-06 3.84177e-06 3.74627e-06 3.64707e-06 3.54428e-06 3.43798e-06 3.3283e-06 3.21533e-06 3.09918e-06 2.97998e-06 2.85784e-06 2.73287e-06 2.60521e-06 2.47498e-06 2.34231e-06 2.20732e-06 2.07016e-06 1.93095e-06 1.78984e-06 1.64696e-06 1.50245e-06 1.35647e-06 1.20914e-06 1.06062e-06 9.11056e-07 7.60591e-07 6.09375e-07 4.57558e-07 3.0529e-07 1.5272e-07 0 
0 1.58086e-07 3.16016e-07 4.73635e-07 6.30786e-07 7.87314e-07 9.43066e-07 1.09789e-06 1.25162e-06 1.40413e-06 1.55524e-06 1.70482e-06 1.85272e-06 1.99879e-06 2.14289e-06 2.28487e-06 2.4246e-06 2.56194e-06 2.69675e-06 2.82889e-06 2.95825e-06 3.08468e-06 3.20807e-06 3.3283e-06 3.44524e-06 3.55878e-06 3.6688e-06 3.77521e-06 3.87789e-06 3.97675e-06 4.07168e-06 4.16259e-06 4.24939e-06 4.332e-06 4.41034e-06 4.48432e-06 4.55388e-06 4.61894e-06 4.67944e-06 4.73533e-06 4.78654e-06 4.83303e-06 4.87475e-06 4.91166e-06 4.94372e-06 4.97091e-06 4.99318e-06 5.01053e-06 5.02294e-06 5.03039e-06 5.03287e-06 5.03039e-06 5.02294e-06 5.01053e-06 4.99318e-06 4.97091e-06 4.94372e-06 4.91166e-06 4.87475e-06 4.83303e-06 4.78654e-06 4.73533e-06 4.67944e-06 4.61894e-06 4.55388e-06 4.48432e-06 4.41034e-06 4.332e-06 4.24939e-06 4.16259e-06 4.07168e-06 3.97675e-06 3.87789e-06 3.77521e-06 3.6688e-06 3.55878e-06 3.44524e-06 3.3283e-06 3.20807e-06 3.08468e-06 2.95825e-06 2.82889e-06 2.69675e-06 2.56194e-06 2.4246e-06 2.28487e-06 2.14289e-06 1.99879e-06 1.85272e-06 1.70482e-06 1.55524e-06 1.40413e-06 1.25162e-06 1.09789e-06 9.43066e-07 7.87314e-07 6.30786e-07 4.73635e-07 3.16016e-07 1.58086e-07 0 
0 1.63296e-07 3.26431e-07 4.89244e-07 6.51574e-07 8.13261e-07 9.74145e-07 1.13407e-06 1.29287e-06 1.4504e-06 1.6065e-06 1.76101e-06 1.91378e-06 2.06466e-06 2.21351e-06 2.36017e-06 2.50451e-06 2.64637e-06 2.78562e-06 2.92212e-06 3.05574e-06 3.18634e-06 3.3138e-06 3.43798e-06 3.55878e-06 3.67606e-06 3.78971e-06 3.89963e-06 4.00569e-06 4.1078e-06 4.20586e-06 4.29977e-06 4.38943e-06 4.47477e-06 4.55568e-06 4.6321e-06 4.70395e-06 4.77116e-06 4.83366e-06 4.89139e-06 4.94429e-06 4.99231e-06 5.0354e-06 5.07353e-06 5.10665e-06 5.13473e-06 5.15774e-06 5.17566e-06 5.18847e-06 5.19616e-06 5.19873e-06 5.19616e-06 5.18847e-06 5.17566e-06 5.15774e-06 5.13473e-06 5.10665e-06 5.07353e-06 5.0354e-06 4.99231e-06 4.94429e-06 4.89139e-06 4.83366e-06 4.77116e-06 4.70395e-06 4.6321e-06 4.55568e-06 4.47477e-06 4.38943e-06 4.29977e-06 4.20586e-06 4.1078e-06 4.00569e-06 3.89963e-06 3.78971e-06 3.67606e-06 3.55878e-06 3.43798e-06 3.3138e-06 3.18634e-06 3.05574e-06 2.92212e-06 2.78562e-06 2.64637e-06 2.50451e-06 2.36017e-06 2.21351e-06 2.06466e-06 1.91378e-06 1.76101e-06 1.6065e-06 1.4504e-06 1.29287e-06 1.13407e-06 9.74145e-07 8.13261e-07 6.51574e-07 4.89244e-07 3.26431e-07 1.63296e-07 0 
0 1.68345e-07 3.36523e-07 5.0437e-07 6.71719e-07 8.38404e-07 1.00426e-06 1.16913e-06 1.33284e-06 1.49524e-06 1.65616e-06 1.81545e-06 1.97295e-06 2.1285e-06 2.28195e-06 2.43314e-06 2.58194e-06 2.72819e-06 2.87174e-06 3.01246e-06 3.15021e-06 3.28485e-06 3.41625e-06 3.54428e-06 3.6688e-06 3.78971e-06 3.90688e-06 4.02019e-06 4.12954e-06 4.23481e-06 4.3359e-06 4.43271e-06 4.52514e-06 4.61311e-06 4.69653e-06 4.77531e-06 4.84939e-06 4.91867e-06 4.9831e-06 5.04261e-06 5.09715e-06 5.14666e-06 5.19108e-06 5.23039e-06 5.26453e-06 5.29348e-06 5.3172e-06 5.33568e-06 5.34889e-06 5.35682e-06 5.35946e-06 5.35682e-06 5.34889e-06 5.33568e-06 5.3172e-06 5.29348e-06 5.26453e-06 5.23039e-06 5.19108e-06 5.14666e-06 5.09715e-06 5.04261e-06 4.9831e-06 4.91867e-06 4.84939e-06 4.77531e-06 4.69653e-06 4.61311e-06 4.52514e-06 4.43271e-06 4.3359e-06 4.2348e-06 4.12954e-06 4.02019e-06 3.90688e-06 3.78971e-06 3.6688e-06 3.54428e-06 3.41625e-06 3.28485e-06 3.15021e-06 3.01246e-06 2.87174e-06 2.72819e-06 2.58194e-06 2.43314e-06 2.28195e-06 2.1285e-06 1.97295e-06 1.81545e-06 1.65616e-06 1.49524e-06 1.33284e-06 1.16913e-06 1.00426e-06 8.38404e-07 6.71719e-07 5.0437e-07 3.36523e-07 1.68345e-07 0 
0 1.73227e-07 3.46284e-07 5.18998e-07 6.91201e-07 8.62721e-07 1.03339e-06 1.20304e-06 1.3715e-06 1.53861e-06 1.7042e-06 1.86811e-06 2.03017e-06 2.19023e-06 2.34813e-06 2.50371e-06 2.65682e-06 2.80731e-06 2.95503e-06 3.09984e-06 3.24158e-06 3.38012e-06 3.51533e-06 3.64707e-06 3.77521e-06 3.89963e-06 4.02019e-06 4.13679e-06 4.24931e-06 4.35763e-06 4.46165e-06 4.56127e-06 4.65639e-06 4.74691e-06 4.83275e-06 4.91381e-06 4.99003e-06 5.06133e-06 5.12763e-06 5.18887e-06 5.24498e-06 5.29593e-06 5.34164e-06 5.38209e-06 5.41722e-06 5.44701e-06 5.47142e-06 5.49043e-06 5.50402e-06 5.51218e-06 5.5149e-06 5.51218e-06 5.50402e-06 5.49043e-06 5.47142e-06 5.44701e-06 5.41722e-06 5.38209e-06 5.34164e-06 5.29593e-06 5.24498e-06 5.18887e-06 5.12763e-06 5.06133e-06 4.99003e-06 4.91381e-06 4.83275e-06 4.74691e-06 4.65639e-06 4.56127e-06 4.46165e-06 4.35763e-06 4.24931e-06 4.13679e-06 4.02019e-06 3.89963e-06 3.77521e-06 3.64707e-06 3.51533e-06 3.38012e-06 3.24158e-06 3.09984e-06 2.95503e-06 2.80731e-06 2.65682e-06 2.50371e-06 2.34813e-06 2.19023e-06 2.03017e-06 1.86811e-06 1.7042e-06 1.53861e-06 1.3715e-06 1.20304e-06 1.03339e-06 8.62721e-07 6.91201e-07 5.18998e-07 3.46284e-07 1.73227e-07 0 
0 1.77939e-07 3.55702e-07 5.33114e-07 7.1e-07 8.86186e-07 1.0615e-06 1.23576e-06 1.4088e-06 1.58046e-06 1.75055e-06 1.91892e-06 2.08539e-06 2.2498e-06 2.412e-06 2.57181e-06 2.72909e-06 2.88367e-06 3.03541e-06 3.18415e-06 3.32975e-06 3.47206e-06 3.61094e-06 3.74627e-06 3.87789e-06 4.00569e-06 4.12954e-06 4.24931e-06 4.36488e-06 4.47615e-06 4.583e-06 4.68533e-06 4.78303e-06 4.87602e-06 4.96419e-06 5.04746e-06 5.12576e-06 5.19899e-06 5.26709e-06 5.33e-06 5.38764e-06 5.43997e-06 5.48693e-06 5.52847e-06 5.56456e-06 5.59516e-06 5.62023e-06 5.63976e-06 5.65372e-06 5.66211e-06 5.6649e-06 5.66211e-06 5.65372e-06 5.63976e-06 5.62023e-06 5.59516e-06 5.56456e-06 5.52847e-06 5.48693e-06 5.43997e-06 5.38764e-06 5.33e-06 5.26709e-06 5.19899e-06 5.12576e-06 5.04746e-06 4.96419e-06 4.87602e-06 4.78303e-06 4.68533e-06 4.583e-06 4.47615e-06 4.36488e-06 4.24931e-06 4.12954e-06 4.00569e-06 3.87789e-06 3.74627e-06 3.61094e-06 3.47206e-06 3.32975e-06 3.18415e-06 3.03541e-06 2.88367e-06 2.72909e-06 2.57181e-06 2.412e-06 2.2498e-06 2.08539e-06 1.91892e-06 1.75055e-06 1.58046e-06 1.4088e-06 1.23576e-06 1.0615e-06 8.86186e-07 7.1e-07 5.33114e-07 3.55702e-07 1.77939e-07 0 
0 1.82475e-07 3.6477e-07 5.46704e-07 7.281e-07 9.08776e-07 1.08856e-06 1.26726e-06 1.44472e-06 1.62075e-06 1.79518e-06 1.96783e-06 2.13855e-06 2.30716e-06 2.47348e-06 2.63737e-06 2.79866e-06 2.95718e-06 3.11278e-06 3.26532e-06 3.41463e-06 3.56057e-06 3.70299e-06 3.84177e-06 3.97675e-06 4.1078e-06 4.2348e-06 4.35763e-06 4.47615e-06 4.59026e-06 4.69983e-06 4.80477e-06 4.90496e-06 5.00032e-06 5.09074e-06 5.17613e-06 5.25642e-06 5.33152e-06 5.40136e-06 5.46587e-06 5.52498e-06 5.57864e-06 5.6268e-06 5.6694e-06 5.70641e-06 5.73779e-06 5.7635e-06 5.78353e-06 5.79785e-06 5.80644e-06 5.80931e-06 5.80644e-06 5.79785e-06 5.78353e-06 5.7635e-06 5.73779e-06 5.70641e-06 5.6694e-06 5.6268e-06 5.57864e-06 5.52498e-06 5.46587e-06 5.40136e-06 5.33152e-06 5.25642e-06 5.17613e-06 5.09074e-06 5.00032e-06 4.90496e-06 4.80477e-06 4.69983e-06 4.59026e-06 4.47615e-06 4.35763e-06 4.23481e-06 4.1078e-06 3.97675e-06 3.84177e-06 3.70299e-06 3.56057e-06 3.41463e-06 3.26532e-06 3.11278e-06 2.95718e-06 2.79866e-06 2.63737e-06 2.47348e-06 2.30716e-06 2.13855e-06 1.96783e-06 1.79518e-06 1.62075e-06 1.44472e-06 1.26726e-06 1.08856e-06 9.08776e-07 7.281e-07 5.46704e-07 3.6477e-07 1.82475e-07 0 
0 1.86831e-07 3.73477e-07 5.59755e-07 7.4548e-07 9.3047e-07 1.11454e-06 1.29751e-06 1.4792e-06 1.65944e-06 1.83803e-06 2.01481e-06 2.1896e-06 2.36223e-06 2.53253e-06 2.70033e-06 2.86546e-06 3.02777e-06 3.18709e-06 3.34326e-06 3.49614e-06 3.64556e-06 3.79139e-06 3.93347e-06 4.07168e-06 4.20586e-06 4.3359e-06 4.46165e-06 4.583e-06 4.69983e-06 4.81202e-06 4.91946e-06 5.02205e-06 5.11968e-06 5.21226e-06 5.29969e-06 5.3819e-06 5.45879e-06 5.5303e-06 5.59635e-06 5.65687e-06 5.71181e-06 5.76112e-06 5.80474e-06 5.84263e-06 5.87476e-06 5.90108e-06 5.92159e-06 5.93625e-06 5.94505e-06 5.94799e-06 5.94505e-06 5.93625e-06 5.92159e-06 5.90108e-06 5.87476e-06 5.84263e-06 5.80474e-06 5.76112e-06 5.71181e-06 5.65687e-06 5.59635e-06 5.5303e-06 5.45879e-06 5.3819e-06 5.29969e-06 5.21226e-06 5.11968e-06 5.02205e-06 4.91946e-06 4.81202e-06 4.69983e-06 4.583e-06 4.46165e-06 4.3359e-06 4.20586e-06 4.07168e-06 3.93347e-06 3.79139e-06 3.64556e-06 3.49614e-06 3.34326e-06 3.18709e-06 3.02777e-06 2.86546e-06 2.70033e-06 2.53253e-06 2.36223e-06 2.1896e-06 2.01481e-06 1.83803e-06 1.65944e-06 1.4792e-06 1.29751e-06 1.11454e-06 9.3047e-07 7.4548e-07 5.59755e-07 3.73477e-07 1.86831e-07 0 
0 1.91002e-07 3.81816e-07 5.72253e-07 7.62125e-07 9.51245e-07 1.13943e-06 1.32648e-06 1.51223e-06 1.69649e-06 1.87907e-06 2.05979e-06 2.23849e-06 2.41497e-06 2.58908e-06 2.76062e-06 2.92944e-06 3.09537e-06 3.25825e-06 3.41791e-06 3.5742e-06 3.72696e-06 3.87604e-06 4.0213e-06 4.16259e-06 4.29977e-06 4.43271e-06 4.56127e-06 4.68533e-06 4.80477e-06 4.91946e-06 5.0293e-06 5.13418e-06 5.23399e-06 5.32864e-06 5.41802e-06 5.50206e-06 5.58067e-06 5.65378e-06 5.7213e-06 5.78318e-06 5.83935e-06 5.88975e-06 5.93435e-06 5.97308e-06 6.00593e-06 6.03284e-06 6.0538e-06 6.06879e-06 6.07779e-06 6.08079e-06 6.07779e-06 6.06879e-06 6.0538e-06 6.03284e-06 6.00593e-06 5.97308e-06 5.93435e-06 5.88975e-06 5.83935e-06 5.78318e-06 5.7213e-06 5.65378e-06 5.58067e-06 5.50206e-06 5.41802e-06 5.32864e-06 5.23399e-06 5.13418e-06 5.0293e-06 4.91946e-06 4.80477e-06 4.68533e-06 4.56127e-06 4.43271e-06 4.29977e-06 4.16259e-06 4.0213e-06 3.87604e-06 3.72696e-06 3.5742e-06 3.41791e-06 3.25825e-06 3.09537e-06 2.92944e-06 2.76062e-06 2.58908e-06 2.41497e-06 2.23849e-06 2.05979e-06 1.87907e-06 1.69649e-06 1.51223e-06 1.32648e-06 1.13943e-06 9.51245e-07 7.62125e-07 5.72253e-07 3.81816e-07 1.91002e-07 0 
0 1.94985e-07 3.89778e-07 5.84186e-07 7.78018e-07 9.71082e-07 1.16319e-06 1.35415e-06 1.54377e-06 1.73186e-06 1.91825e-06 2.10275e-06 2.28517e-06 2.46533e-06 2.64307e-06 2.81819e-06 2.99053e-06 3.15992e-06 3.3262e-06 3.48919e-06 3.64873e-06 3.80468e-06 3.95687e-06 4.10516e-06 4.24939e-06 4.38943e-06 4.52514e-06 4.65639e-06 4.78303e-06 4.90496e-06 5.02205e-06 5.13418e-06 5.24125e-06 5.34314e-06 5.43976e-06 5.53101e-06 5.6168e-06 5.69705e-06 5.77168e-06 5.84061e-06 5.90377e-06 5.96112e-06 6.01257e-06 6.0581e-06 6.09764e-06 6.13117e-06 6.15865e-06 6.18005e-06 6.19535e-06 6.20453e-06 6.2076e-06 6.20453e-06 6.19535e-06 6.18005e-06 6.15865e-06 6.13117e-06 6.09764e-06 6.0581e-06 6.01257e-06 5.96112e-06 5.90377e-06 5.84061e-06 5.77168e-06 5.69705e-06 5.6168e-06 5.53101e-06 5.43976e-06 5.34314e-06 5.24125e-06 5.13418e-06 5.02205e-06 4.90496e-06 4.78303e-06 4.65639e-06 4.52514e-06 4.38943e-06 4.24939e-06 4.10516e-06 3.95687e-06 3.80468e-06 3.64873e-06 3.48919e-06 3.3262e-06 3.15992e-06 2.99053e-06 2.81819e-06 2.64307e-06 2.46533e-06 2.28517e-06 2.10275e-06 1.91825e-06 1.73186e-06 1.54377e-06 1.35415e-06 1.16319e-06 9.71082e-07 7.78018e-07 5.84186e-07 3.89778e-07 1.94985e-07 0 
0 1.98776e-07 3.97356e-07 5.95543e-07 7.93143e-07 9.8996e-07 1.1858e-06 1.38047e-06 1.57378e-06 1.76553e-06 1.95554e-06 2.14363e-06 2.32959e-06 2.51326e-06 2.69445e-06 2.87298e-06 3.04867e-06 3.22135e-06 3.39086e-06 3.55702e-06 3.71967e-06 3.87864e-06 4.03379e-06 4.18496e-06 4.332e-06 4.47477e-06 4.61311e-06 4.74691e-06 4.87602e-06 5.00032e-06 5.11968e-06 5.23399e-06 5.34314e-06 5.44701e-06 5.54551e-06 5.63853e-06 5.72599e-06 5.8078e-06 5.88388e-06 5.95415e-06 6.01855e-06 6.077e-06 6.12946e-06 6.17587e-06 6.21618e-06 6.25036e-06 6.27837e-06 6.30019e-06 6.31579e-06 6.32515e-06 6.32827e-06 6.32515e-06 6.31579e-06 6.30019e-06 6.27837e-06 6.25036e-06 6.21618e-06 6.17587e-06 6.12946e-06 6.077e-06 6.01855e-06 5.95415e-06 5.88388e-06 5.8078e-06 5.72599e-06 5.63853e-06 5.54551e-06 5.44701e-06 5.34314e-06 5.23399e-06 5.11968e-06 5.00032e-06 4.87602e-06 4.74691e-06 4.61311e-06 4.47477e-06 4.332e-06 4.18496e-06 4.03379e-06 3.87864e-06 3.71967e-06 3.55702e-06 3.39086e-06 3.22135e-06 3.04867e-06 2.87298e-06 2.69445e-06 2.51326e-06 2.32959e-06 2.14363e-06 1.95554e-06 1.76553e-06 1.57378e-06 1.38047e-06 1.1858e-06 9.8996e-07 7.93143e-07 5.95543e-07 3.97356e-07 1.98776e-07 0 
